0117169     6013825300006347938 020127  310965              000000100
0117169     6013825300006347938 020281  311537              000000100
0117169     6013825300006347938 020310  311617              000000200
0117169     6013825300006347938 020841  312403              000000100
0117169     6013825300006347938 032310  318867              000000100
019810      6013825300006508638 049118  325366              000000100
0117169     6013825300006347938 049145  325476              000000100
019810      6013825300006508638 049158  325534              000000100
019810      6013825300006508638 049297  325991              000000200
0119889     6013825300008519914 049347  326102              000000100
0119889     6013825300008519914 049434  326367              000000200
0117169     6013825300006347938 049506  326694              000000100
019810      6013825300006508638 049723  327578              000000100
019810      6013825300006508638 050116  328715              000000100
019810      6013825300006508638 050367  329692              000000100
019810      6013825300006508638 050851  330876              000000100
0119889     6013825300008519914 050914  330950              000000100
019810      6013825300006508638 050939  330981              000000100
0119889     6013825300008519914 051308  331330              000000700
019810      6013825300006508638 051566  331674              000000100
0119889     6013825300008519914 051722  331801              000000700
0119889     6013825300008519914 052026  332010              000000100
