MAC校验统一用maclib.dll中的Caculate_String_MAC函数，其他函数全部不用。


------------------------------------


------------------------------------

学校代码：822011391000923
客户号：6834
银行卡号：6223690994835458
证件类型：1
证件号：532325199108071311
姓名：陈云
前置服务器：132.147.253.237:8583

协议签订和取消的请求报文位图
11110010
00111010
01000100
10000001
10001000
11100001
10000000
00010000
00000000
00000000
00000000
00000000
00010110
00000000
00000000
00000001

---------------------------------------------------------------------
余额的请求报文位图
11100010
00111000
01000100
10000001
10001000
11100001
10010000
00010000
00000000
00000000
00000000
00000000
00010000
00000000
00000000
00000001

11100010001110000100010010000001100010001110000110000000000100000000000000000000000000000000000000010000000000000000000000000001
---------------------------------------------------------------------
转账的请求报文位图
11110010
00111010
01000100
10000001
10001000
11100001
10010000
00010000
00000000
00000000
00000000
00000000
00010110
00000000
00000000
00000001

---------------------------------------------------------------------
冲正的请求报文位图
11110010
00111010
01000100
10000001
10001000
11100001
10000000
00010000
00000000
00000000
00000000
01000000
00010000
00000000
00000000
00000001

11110010001110100100010010000001100010001110000110000000000100000000000000000000000000000100000000010000000000000000000000000001


---------------------------------------------------------------------
对账的请求报文位图
10000010
00100010
01000000
00000001
10001000
11100001
01000000
00000000
00000100
00000000
00000000
00000000
00010000
00000000
00000000
00000001

10000010001000100100000000000001100010001110000101000000000000000000010000000000000000000000000000010000000000000000000000000001
-------------------------------------------------------------------------------------
校验码修改请求报文
11110010
00111000
01000100
10000001
10001000
11100001
10010000
00010000
00000000
00000000
00000000
00000000
00010100
00000000
00000000
01000001

11110010001110000100010010000001100010001110000110010000000100000000000000000000000000000000000000010100000000000000000001000001

