0119264     6013825300004369397 000122  365608              000000200
0119262     6013825300004369363 000123  365624              000000500
0119262     6013825300004369363 000125  365630              000001000
0119262     6013825300004369363 000126  365632              000000500
0119264     6013825300004369397 000128  365636              000010000
0119264     6013825300004369397 000129  365638              000000800
0119264     6013825300004369397 000130  365640              000009000
0119264     6013825300004369397 000131  365642              000000500
0119264     6013825300004369397 000132  365644              000000500
0119264     6013825300004369397 000133  365646              000000500
0119264     6013825300004369397 000134  365648              000000500
0119264     6013825300004369397 000135  365650              000000500
0119264     6013825300004369397 000136  365652              000000500
0119264     6013825300004369397 000137  365654              000000500
0119264     6013825300004369397 000138  365656              000000500
0119264     6013825300004369397 000139  365660              000000500
0119264     6013825300004369397 000140  365662              000000500
0119264     6013825300004369397 000141  365664              000000500
0119264     6013825300004369397 000142  365666              000000500
0119264     6013825300004369397 000143  365668              000000500
0119264     6013825300004369397 000144  365670              000000500
0119264     6013825300004369397 000145  365672              000000500
0119264     6013825300004369397 000146  365674              000000500
0119264     6013825300004369397 000147  365676              000000500
0119264     6013825300004369397 000148  365678              000000500
0119264     6013825300004369397 000149  365680              000000500
0119264     6013825300004369397 000150  365682              000000500
0119264     6013825300004369397 000151  365684              000000500
0119264     6013825300004369397 000152  365686              000000500
0119264     6013825300004369397 000153  365688              000000500
0119264     6013825300004369397 000154  365690              000000500
0119264     6013825300004369397 000155  365692              000000500
0119264     6013825300004369397 000156  365694              000000500
0119264     6013825300004369397 000157  365696              000000500
0119264     6013825300004369397 000158  365700              000000500
0119248     6013825300002622276 000159  365702              000000500
0119264     6013825300004369397 000160  365704              000000500
0119264     6013825300004369397 000161  365706              000000500
0119248     6013825300002622276 000162  365708              000000500
0119264     6013825300004369397 000163  365710              000000500
0119248     6013825300002622276 000164  365712              000000500
0119264     6013825300004369397 000165  365714              000000500
0119264     6013825300004369397 000166  365717              000000500
0119248     6013825300002622276 000167  365718              000000500
0119264     6013825300004369397 000168  365720              000000500
0119264     6013825300004369397 000004  365748              000000100
0119264     6013825300004369397 000005  365750              000000300
0119264     6013825300004369397 000006  365752              000000200
