20050725
20050722
20050721
20050720
20050719
20050718
20050715
20050714
20050713
20050712
20050711
20050708
20050707
20050706
20050705
20050701
20050630
20050629
20050628
20050627
20050624
20050623
20050622
20050621
20050620
20050617
20050616
20050615
20050614
20050613
20050610
20050609
20050608
20050607
20050606
20050603
20050602
20050601
20050531
20050530
20050527
20050526
20050525
20050524
20050523
20050520
20050519
20050518
20050517
20050516
20050513
20050512
20050511
20050510
20050509
20050506
20050505
20050504
20050503
20050502
20050429
20050428
20050427
20050426
20050425
20050422
20050421
20050420
20050419
20050418
20050415
20050414
20050413
20050412
20050411
20050408
20050407
20050406
20050405
20050404
20050401
20050331
20050330
20050329
20050328
20050325
20050324
20050323
20050322
20050321
20050318
20050317
20050316
20050315
20050314
20050311
20050310
20050309
20050308
20050307
20050304
20050303
20050302
20050301
20050228
20050225
20050224
20050223
20050222
20050221
20050218
20050217
20050216
20050215
20050214
20050211
20050210
20050209
20050208
20050207
20050204
20050203
20050202
20050201
20050131
20050128
20050127
20050126
20050125
20050124
20050121
20050120
20050119
20050118
20050117
20050114
20050113
20050112
20050111
20050110
20050107
20050106
20050105
20050104
20050103
20041231
20041230
20041229
20041228
20041227
20041224
20041223
20041222
20041221
20041220
20041217
20041216
20041215
20041214
20041213
20041210
20041209
20041208
20041207
20041206
20041203
20041202
20041201
20041130
20041129
20041126
20041125
20041124
20041123
20041122
20041119
20041118
20041117
20041116
20041115
20041112
20041111
20041110
20041109
20041108
20041105
20041104
20041103
20041102
20041101
20041029
20041028
20041027
20041026
20041025
20041022
20041021
20041020
20041019
20041018
20041015
20041014
20041013
20041012
20041011
20041008
20041007
20041006
20041005
20041004
20041001
20040930
20040929
20040928
20040927
20040924
20040923
20040922
20040921
20040920
20040917
20040916
20040915
20040914
20040913
20040910
20040909
20040908
20040907
20040906
20040903
20040902
20040901
20040831
20040830
20040827
20040826
20040825
20040824
20040823
20040820
20040819
20040818
20040817
20040816
20040813
20040812
20040811
20040810
20040809
20040806
20040805
20040804
20040803
20040802
20040730
20040729
20040728
20040727
20040726
20040723
20040722
20040721
20040720
20040719
20040716
20040715
20040714
20040713
20040712
20040709
20040708
20040707
20040706
20040705
20040702
20040701
20040630
20040629
20040628
20040625
20040624
20040623
20040622
20040621
20040618
20040617
20040616
20040615
20040614
20040611
20040610
20040609
20040608
20040607
20040604
20040603
20040602
20040601
20040531
20040528
20040527
20040526
20040525
20040524
20040521
20040520
20040519
20040518
20040517
20040514
20040513
20040512
20040511
20040510
20040507
20040506
20040505
20040504
20040503
20040430
20040429
20040428
20040427
20040426
20040423
20040422
20040421
20040420
20040419
20040416
20040415
20040414
20040413
20040412
20040409
20040408
20040407
20040406
20040405
20040402
20040401
20040331
20040330
20040329
20040326
20040325
20040324
20040323
20040322
20040319
20040318
20040317
20040316
20040315
20040312
20040311
20040310
20040309
20040308
20040305
20040304
20040303
20040302
20040301
20040227
20040226
20040225
20040224
20040223
20040220
20040219
20040218
20040217
20040216
20040213
20040212
20040211
20040210
20040209
20040206
20040205
20040204
20040203
20040202
20040130
20040129
20040128
20040127
20040126
20040123
20040122
20040121
20040120
20040119
20040116
20040115
20040114
20040113
20040112
20040109
20040108
20040107
20040106
20040105
20040102
20040101
20031231
20031230
20031229
20031226
20031225
20031224
20031223
20031222
20031219
20031218
20031217
20031216
20031215
20031212
20031211
20031210
20031209
20031208
20031205
20031204
20031203
20031202
20031201
20031128
20031127
20031126
20031125
20031124
20031121
20031120
20031119
20031118
20031117
20031114
20031113
20031112
20031111
20031110
20031107
20031106
20031105
20031104
20031103
20031031
20031030
20031029
20031028
20031027
20031024
20031023
20031022
20031021
20031020
20031017
20031016
20031015
20031014
20031013
20031010
20031009
20031008
20031007
20031006
20031003
20031002
20031001
20030930
20030929
20030926
20030925
20030924
20030923
20030922
20030919
20030918
20030917
20030916
20030915
20030912
20030911
20030910
20030909
20030908
20030905
20030904
20030903
20030902
20030901
20030829
20030828
20030827
20030826
20030825
20030822
20030821
20030820
20030819
20030818
20030815
20030814
20030813
20030812
20030811
20030808
20030807
20030806
20030805
20030804
20030801
20030731
20030730
20030729
20030728
20030725
20030724
20030723
20030722
20030721
20030718
20030717
20030716
20030715
20030714
20030711
20030710
20030709
20030708
20030707
20030704
20030703
20030702
20030701
20030630
20030627
20030626
20030625
20030624
20030623
20030620
20030619
20030618
20030617
20030616
20030613
20030612
20030611
20030610
20030609
20030606
20030605
20030604
20030603
20030602
20030530
20030529
20030528
20030527
20030526
20030523
20030522
20030521
20030520
20030519
20030516
20030515
20030514
20030513
20030512
20030509
20030508
20030507
20030506
20030505
20030502
20030501
20030430
20030429
20030428
20030425
20030424
20030423
20030422
20030421
20030418
20030417
20030416
20030415
20030414
20030411
20030410
20030409
20030408
20030407
20030404
20030403
20030402
20030401
20030331
20030328
20030327
20030326
20030325
20030324
20030321
20030320
20030319
20030318
20030317
20030314
20030313
20030312
20030311
20030310
20030307
20030306
20030305
20030304
20030303
20030228
20030227
20030226
20030225
20030224
20030221
20030220
20030219
20030218
20030217
20030214
20030213
20030212
20030211
20030210
20030207
20030206
20030205
20030204
20030203
20030131
20030130
20030129
20030128
20030127
20030124
20030123
20030122
20030120
20030117
20030116
20030115
20030114
20030113
20030110
20030109
20030108
20030107
20030106
20030103
20030102
20021231
20021230
20021227
20021226
20021225
20021224
20021223
20021220
20021219
20021218
20021217
20021216
20021213
20021212
20021211
20021210
20021209
20021206
20021205
20021204
20021203
20021202
20021129
20021128
20021127
20021126
20021125
20021122
20021121
20021120
20021119
20021118
20021115
20021114
20021113
20021112
20021111
20021108
20021107
20021106
20021105
20021104
20021101
20021031
20021030
20021029
20021028
20021025
20021024
20021023
20021022
20021021
20021018
20021017
20021016
20021015
20021014
20021011
20021010
20021009
20021008
20021007
20021004
20021003
20021002
20021001
20020930
20020926
20020925
20020924
20020923
20020920
20020919
20020918
20020917
20020916
20020913
20020912
20020911
20020910
20020909
20020906
20020905
20020904
20020903
20020902
20020830
20020829
20020828
20020827
20020826
20020823
20020822
20020821
20020820
20020819
20020816
20020815
20020814
20020813
20020812
20020809
20020808
20020807
20020806
20020805
20020802
20020801
20020731
20020730
20020729
20020726
20020725
20020724
20020723
20020722
20020719
20020718
20020717
20020716
20020715
20020712
20020711
20020710
20020709
20020708
20020705
20020704
20020703
20020702
20020701
20020628
20020627
20020626
20020625
20020624
20020621
20020620
20020619
20020618
20020617
20020614
20020613
20020612
20020611
20020610
20020607
20020606
20020605
20020604
20020603
20020531
20020530
20020529
20020528
20020527
20020524
20020523
20020522
20020521
20020520
20020517
20020516
20020515
20020514
20020513
20020510
20020509
20020508
20020507
20020506
20020503
20020502
20020501
20020430
20020429
20020426
20020425
20020424
20020423
20020422
20020419
20020418
20020417
20020416
20020415
20020412
20020411
20020410
20020409
20020408
20020405
20020404
20020403
20020402
20020401
20020329
20020328
20020327
20020326
20020325
20020322
20020321
20020320
20020319
20020318
20020315
20020314
20020313
20020312
20020311
20020308
20020307
20020306
20020305
20020304
20020301
20020228
20020227
20020226
20020225
20020222
20020221
20020220
20020219
20020218
20020215
20020214
20020213
20020212
20020211
20020208
20020207
20020206
20020205
20020204
20020201
20020131
20020130
20020129
20020128
20020125
20020124
20020123
20020122
20020121
20020118
20020117
20020116
20020115
20020114
20020111
20020110
20020109
20020108
20020107
20020104
20020103
20020102
20020101
20011231
20011228
20011227
20011226
20011225
20011224
20011221
20011220
20011219
20011218
20011217
20011214
20011213
20011212
20011211
20011210
20011207
20011206
20011205
20011204
20011203
20011130
20011129
20011128
20011127
20011126
20011123
20011122
20011121
20011120
20011119
20011116
20011115
20011114
20011113
20011112
20011109
20011108
20011107
20011106
20011105
20011102
20011101
20011031
20011030
20011029
20011026
20011025
20011024
20011023
20011022
20011019
20011018
20011017
20011016
20011015
20011012
20011011
20011010
20011009
20011008
20011005
20011004
20011003
20011002
20011001
20010928
20010927
20010926
20010925
20010924
20010921
20010920
20010919
20010918
20010917
20010914
20010913
20010912
20010911
20010910
20010907
20010906
20010905
20010904
20010903
20010831
20010830
20010829
20010828
20010827
20010824
20010823
20010822
20010821
20010820
20010817
20010816
20010815
20010814
20010813
20010810
20010809
20010808
20010807
20010806
20010803
20010802
20010801
20010731
20010730
20010727
20010726
20010725
20010724
20010723
20010720
20010719
20010718
20010717
20010716
20010713
20010712
20010711
20010710
20010709
20010706
20010705
20010704
20010703
20010702
20010629
20010628
20010627
20010626
20010625
20010622
20010621
20010620
20010619
20010618
20010615
20010614
20010613
20010612
20010611
20010608
20010607
20010606
20010605
20010604
20010601
20010531
20010530
20010529
20010525
20010524
20010523
20010522
20010521
20010518
20010517
20010516
20010515
20010514
20010511
20010510
20010509
20010508
20010507
20010504
20010503
20010502
20010501
20010430
20010427
20010426
20010425
20010424
20010423
20010420
20010419
20010418
20010417
20010416
20010413
20010412
20010411
20010410
20010409
20010406
20010405
20010404
20010403
20010402
20010330
20010329
20010328
20010327
20010326
20010323
20010322
20010321
20010320
20010319
20010316
20010315
20010314
20010313
20010312
20010309
20010308
20010307
20010306
20010305
20010302
20010301
20010228
20010227
20010226
20010223
20010222
20010221
20010220
20010219
20010216
20010215
20010214
20010213
20010212
20010209
20010208
20010207
20010206
20010205
20010202
20010201
20010131
20010130
20010129
20010126
20010125
20010124
20010123
20010122
20010119
20010118
20010117
20010116
20010115
20010112
20010111
20010110
20010109
20010108
20010105
20010104
20010102
20001229
20001228
20001227
20001226
20001225
20001222
20001221
20001220
20001219
20001218
20001215
20001214
20001213
20001212
20001211
20001208
20001207
20001206
20001205
20001204
20001201
20001130
20001129
20001128
20001127
20001124
20001123
20001122
20001121
20001120
20001117
20001116
20001115
20001114
20001113
20001110
20001109
20001108
20001107
20001106
20001103
20001102
20001101
20001031
20001030
20001027
20001026
20001025
20001024
20001023
20001020
20001019
20001018
20001017
20001016
20001013
20001012
20001011
20001010
20001009
20001006
20001005
20001004
20001003
20001002
20000929
20000928
20000927
20000926
20000925
20000922
20000921
20000920
20000919
20000918
20000915
20000914
20000913
20000912
20000911
20000908
20000907
20000906
20000905
20000904
20000901
20000831
20000830
20000829
20000828
20000825
20000824
20000823
20000822
20000821
20000818
20000817
20000816
20000814
20000811
20000810
20000809
20000808
20000807
20000804
20000803
20000802
20000801
20000731
20000728
20000727
20000726
20000725
20000724
20000721
20000720
20000719
20000718
20000717
20000714
20000713
20000712
20000711
20000710
20000707
20000706
20000705
20000630
20000629
20000628
20000627
20000626
20000623
20000622
20000621
20000620
20000619
20000616
20000615
20000614
20000613
20000612
20000609
20000608
20000607
20000606
20000605
20000602
20000601
20000531
20000530
20000529
20000526
20000525
20000524
20000523
20000522
20000519
20000518
20000517
20000516
20000515
20000512
20000511
20000510
20000509
20000508
20000505
20000504
20000503
20000502
20000501
20000428
20000427
20000426
20000425
20000424
20000421
20000420
20000419
20000418
20000417
20000414
20000413
20000412
20000411
20000410
20000407
20000406
20000405
20000404
20000403
20000331
20000330
20000329
20000328
20000327
20000324
20000323
20000322
20000321
20000320
20000317
20000316
20000315
20000314
20000313
20000310
20000309
20000308
20000307
20000306
20000303
20000302
20000301
20000229
20000228
20000225
20000224
20000223
20000222
20000218
20000217
20000216
20000215
20000214
20000211
20000210
20000209
20000208
20000207
20000204
20000203
20000202
20000201
20000131
20000128
20000127
20000126
20000125
20000124
20000121
20000120
20000119
20000118
20000117
20000114
20000113
20000112
20000111
20000110
20000107
20000106
20000105
20000103
19991231
19991230
19991229
19991228
19991227
19991225
19991224
19991223
19991222
19991221
19991220
19991217
19991216
19991215
19991214
19991213
19991210
19991209
19991208
19991207
19991206
19991203
19991202
19991201
19991130
19991129
19991125
19991124
19991123
19991122
19991119
19991118
19991117
19991116
19991115
19991112
19991111
19991110
19991109
19991108
19991105
19991104
19991103
19991102
19991101
19991031
19991029
19991028
19991027
19991026
19991025
19991022
19991021
19991020
19991019
19991018
19991015
19991014
19991013
19991012
19991011
19991008
19991007
19991006
19991005
19991004
19991001
19990930
19990929
19990928
19990927
19990924
19990923
19990922
19990921
19990920
19990917
19990916
19990915
19990914
19990913
19990910
19990909
19990908
19990907
19990906
19990903
19990902
19990901
19990831
19990830
19990827
19990826
19990825
19990824
19990823
19990820
19990819
19990818
19990817
19990816
19990813
19990812
19990811
19990810
19990809
19990806
19990805
19990804
19990803
19990802
19990730
19990729
19990728
19990727
19990726
19990723
19990722
19990721
19990720
19990719
19990716
19990715
19990714
19990713
19990712
19990709
19990708
19990707
19990706
19990630
19990629
19990628
19990625
19990624
19990623
19990622
19990621
19990618
19990617
19990616
19990615
19990614
19990611
19990610
19990609
19990608
19990607
19990604
19990603
19990602
19990601
19990531
19990528
19990527
19990526
19990525
19990524
19990521
19990520
19990519
19990518
19990517
19990514
19990513
19990512
19990511
19990510
19990507
19990506
19990505
19990504
19990503
19990430
19990429
19990428
19990427
19990426
19990423
19990422
19990421
19990420
19990419
19990416
19990415
19990414
19990413
19990412
19990409
19990408
19990407
19990406
19990405
19990402
19990401
19990331
19990330
19990329
19990326
19990325
19990324
19990323
19990322
19990319
19990318
19990317
19990316
19990315
19990312
19990311
19990310
19990309
19990308
19990226
19990225
19990224
19990222
19990219
19990218
19990217
19990216
19990215
19990212
19990211
19990210
19990208
19990205
19990204
19990203
19990202
19990201
19990129
19990128
19990127
19990126
19990125
19990122
19990120
19990119
19990118
19990115
19990113
19990112
19990111
19990108
19990107
19990106
19990104
19990101
19981231
19981230
19981229
19981228
19981225
19981224
19981223
19981222
19981221
19981218
19981217
19981216
19981215
19981211
19981210
19981209
19981208
19981207
19981204
19981203
19981202
19981201
19981130
19981126
19981125
19981124
19981123
19981120
19981118
19981117
19981116
19981113
19981112
19981111
19981110
19981109
19981106
19981105
19981104
19981103
19981102
19981030
19981029
19981028
19981027
19981026
19981023
19981022
19981020
19981019
19981016
19981015
19981014
19981013
19981012
19981009
19981008
19981007
19981006
19981005
19981002
19981001
19980929
19980928
19980925
19980924
19980923
19980922
19980921
19980918
19980917
19980916
19980915
19980914
19980911
19980910
19980909
19980907
19980904
19980903
19980902
19980901
19980831
19980828
19980827
19980826
19980825
19980821
19980820
19980819
19980818
19980817
19980814
19980813
19980812
19980811
19980810
19980807
19980806
19980805
19980804
19980803
19980731
19980730
19980729
19980728
19980727
19980724
19980723
19980722
19980721
19980720
19980717
19980716
19980715
19980714
19980713
19980710
19980709
19980708
19980707
19980706
19980703
19980702
19980701
19980630
19980629
19980626
19980625
19980624
19980622
19980619
19980618
19980617
19980616
19980615
19980612
19980611
19980610
19980609
19980608
19980605
19980604
19980603
19980602
19980601
19980529
19980528
19980527
19980525
19980522
19980521
19980520
19980519
19980518
19980515
19980514
19980513
19980512
19980511
19980508
19980507
19980506
19980505
19980504
19980501
19980430
19980429
19980428
19980427
19980424
19980423
19980422
19980421
19980420
19980417
19980416
19980415
19980414
19980413
19980410
19980409
19980408
19980407
19980406
19980403
19980402
19980401
19980331
19980330
19980327
19980326
19980325
19980324
19980323
19980320
19980319
19980318
19980317
19980316
19980313
19980312
19980311
19980310
19980309
19980306
19980305
19980304
19980303
19980302
19980227
19980226
19980225
19980223
19980220
19980219
19980218
19980217
19980216
19980213
19980212
19980211
19980210
19980209
19980206
19980205
19980204
19980203
19980202
19980130
19971231
19971230
19971229
19971226
19971224
19971223
19971222
19971219
19971218
19971217
19971216
19971215
19971212
19971211
19971210
19971209
19971208
19971204
19971203
19971202
19971201
19971127