1.校园一卡通授权撤销
=========================Binary buffer content len[0]====================
110810:190046:636|D2|  COnceServer.cc[217]body=                           |
=========================Binary buffer content len[337]====================
000000 2e 01 30 33 33 37 39 39 - 39 39 30 30 30 31 20 20   ..033799990001  
000010 20 30 30 30 31 30 30 30 - 30 20 20 20 30 30 30 30    00010000   0000
000020 30 30 30 30 30 30 30 30 - 30 30 30 30 30 30 30 31   0000000000000001
000030 30 30 f2 3a 44 81 88 e1 - 90 10 00 00 00 00 16 00   00.:D...........
000040 00 01 31 36 36 32 32 33 - 36 39 30 39 39 34 38 33   ..16622369099483
000050 35 34 35 38 30 30 30 30 - 30 30 30 30 30 30 30 30   5458000000000000
000060 30 30 35 30 30 30 30 38 - 31 30 31 38 34 35 34 30   0050000810184540
000070 30 30 30 30 30 31 31 38 - 34 35 34 30 30 38 31 30   0000011845400810
000080 30 38 31 30 38 32 32 30 - 30 31 31 30 30 31 30 30   0810822001100100
000090 31 39 39 39 39 39 39 39 - 39 30 38 39 39 39 39 30   1999999990899990
0000a0 30 30 31 30 30 30 30 30 - 30 30 30 30 30 30 31 30   0010000000000010
0000b0 30 30 30 30 30 30 31 38 - 32 32 30 31 31 33 39 31   0000001822011391
0000c0 30 30 30 39 32 33 cb bc - c3 a9 ca a6 d7 a8 20 20   000923........  
0000d0 20 20 20 20 20 20 20 20 - 20 20 20 20 20 20 20 20                   
0000e0 20 20 20 20 20 20 20 20 - 20 20 20 20 20 20 30 32                 02
0000f0 34 45 4e 31 4a 31 50 38 - 4d 38 34 44 4f 31 35 34   4EN1J1P8M84DO154
000100 41 31 4d 30 4a 4f 30 48 - 31 31 35 36 31 4f 30 4b   A1M0JO0H11561O0K
000110 50 38 30 4c 30 31 32 30 - 30 30 30 30 35 30 30 30   P80L012000005000
000120 31 30 30 31 30 30 31 39 - 39 39 39 39 39 39 39 31   1001001999999991
000130 38 32 33 30 31 30 33 31 - 39 36 39 30 31 30 32 30   8230103196901020
000140 33 33 38 30 34 36 38 33 - 34 34 45 41 46 41 44 30   3380468344EAFAD0
000150 41                      -                           A

| 收到8583数据包        
|		      报文头:---[Message Head]---
|Head.HeadLength               =[46]
|Head.HeadFlag                 =[1]
|Head.TotalLength              =[0337]
|Head.DestinationId            =[99990001   ]
|Head.SourceId                 =[00010000   ]
|Head.Reserved                 =[000]
|Head.Batchnumber              =[811186213]
|Head.TxnInfo                  =[00000000]
|Head.RejectCode               =[00000]
|		      报文体:---[Message Body]---
MTI                           =[0100]
主帐号02                      =[6223690994835458]
交易处理码03                  =[000000]
交易金额04                    =[000000005000]
交易传输时间07                =[0810184540]
系统跟踪号11                  =[000001]
受卡方所在地时间12            =[184540]
受卡方所在地日期13            =[0810]
清算日期15                    =[0810]
商户类型18                    =[8220]
服务点输入方式码22            =[011]
服务点条件码25                =[00]
代理机构标识码32              =[0199999999]
发送机构标识码33              =[99990001]
检索参考号37                  =[000000000001]
受卡机终端标识码41            =[00000001]
受卡方标识码42                =[822011391000923]
受卡方名称地址43              =[思茅师专                                ]
附加数据---私有48             =[EN1J1P8M84DO154A1M0JO0H1]
交易货币代码49                =[156]
自定义域60                    =[000005000100]
接收机构标识码100             =[0199999999]
帐户标识1                     =[230103196901020338]
帐户标识2                     =[6834]
|	   END--------------解包结束--------------END


处理完毕，应答报文：
MTI                           =[0110]
主帐号02                      =[6223690994835458]
交易处理码03                  =[000000]
交易金额04                    =[000000005000]
交易传输时间07                =[0810184540]
系统跟踪号11                  =[000001]
受卡方所在地时间12            =[184540]
受卡方所在地日期13            =[0810]
商户类型18                    =[8220]
服务点输入方式码22            =[011]
服务点条件码25                =[00]
代理机构标识码32              =[99990001]
发送机构标识码33              =[99990000]
检索参考号37                  =[000000000001]
应答码39                      =[00]
受卡机终端标识码41            =[00000001]
受卡方标识码42                =[822011391000923]
受卡方名称地址43              =[思茅师专                                ]
附加数据---私有48             =[03560F2EC15F957B7E5BB380BDF5EAA0]
交易货币代码49                =[156]
自定义域60                    =[000005000100]
接收机构标识码100             =[0199999999]
帐户标识2                     =[6834]
|回应报文,获取8583报文头
|		      报文头:---[Message Head]---
|Head.HeadLength               =[46]
|Head.HeadFlag                 =[1]
|Head.TotalLength              =[0313]
|Head.DestinationId            =[00010000   ]
|Head.SourceId                 =[99990001   ]
|Head.Reserved                 =[000]
|Head.Batchnumber              =[811189433]
|Head.TxnInfo                  =[00000000]
|Head.RejectCode               =[00000]
向对方发送数据                  |
=========================Binary buffer content len[317]====================
000000 30 33 31 33 2e 01 30 33 - 31 33 30 30 30 31 30 30   0313..0313000100
000010 30 30 20 20 20 39 39 39 - 39 30 30 30 31 20 20 20   00   99990001   
000020 30 30 30 30 30 30 30 30 - 30 30 30 30 30 30 30 30   0000000000000000
000030 30 30 30 31 31 30 f2 38 - 44 81 8a e1 80 10 00 00   000110.8D.......
000040 00 00 12 00 00 01 31 36 - 36 32 32 33 36 39 30 39   ......1662236909
000050 39 34 38 33 35 34 35 38 - 30 30 30 30 30 30 30 30   9483545800000000
000060 30 30 30 30 30 30 35 30 - 30 30 30 38 31 30 31 38   0000005000081018
000070 34 35 34 30 30 30 30 30 - 30 31 31 38 34 35 34 30   4540000001184540
000080 30 38 31 30 38 32 32 30 - 30 31 31 30 30 30 38 39   0810822001100089
000090 39 39 39 30 30 30 31 30 - 38 39 39 39 39 30 30 30   9990001089999000
0000a0 30 30 30 30 30 30 30 30 - 30 30 30 30 31 30 30 30   0000000000001000
0000b0 30 30 30 30 30 30 31 38 - 32 32 30 31 31 33 39 31   0000001822011391
0000c0 30 30 30 39 32 33 cb bc - c3 a9 ca a6 d7 a8 20 20   000923........  
0000d0 20 20 20 20 20 20 20 20 - 20 20 20 20 20 20 20 20                   
0000e0 20 20 20 20 20 20 20 20 - 20 20 20 20 20 20 30 33                 03
0000f0 32 30 33 35 36 30 46 32 - 45 43 31 35 46 39 35 37   203560F2EC15F957
000100 42 37 45 35 42 42 33 38 - 30 42 44 46 35 45 41 41   B7E5BB380BDF5EAA
000110 30 31 35 36 30 31 32 30 - 30 30 30 30 35 30 30 30   0156012000005000
000120 31 30 30 31 30 30 31 39 - 39 39 39 39 39 39 39 30   1001001999999990
000130 34 36 38 33 34 30 30 43 - 39 37 42 42 45            4683400C97BBE
###################################################################################################
###################################################################################################