2.校园一卡通余额查询（授权信息为完成初始化时，返回05“不予承兑”，55表示密码错误，详见应答码对照表）
=========================Binary buffer content len[0]====================
110810:190052:500|D2|  COnceServer.cc[217]body=                           |
=========================Binary buffer content len[335]====================
000000 2e 01 30 33 33 35 39 39 - 39 39 30 30 30 31 20 20   ..033599990001  
000010 20 30 30 30 31 30 30 30 - 30 20 20 20 30 30 30 30    00010000   0000
000020 30 30 30 30 30 30 30 30 - 30 30 30 30 30 30 30 32   0000000000000002
000030 30 30 e2 38 44 81 88 e1 - 90 10 00 00 00 00 16 00   00.8D...........
000040 00 01 31 36 36 32 32 33 - 36 39 30 39 39 34 38 33   ..16622369099483
000050 35 34 35 38 33 30 30 30 - 30 30 30 38 31 30 31 38   5458300000081018
000060 34 35 34 36 30 30 30 36 - 31 33 31 38 34 35 34 36   4546000613184546
000070 30 38 31 30 38 32 32 30 - 30 31 31 30 30 31 30 30   0810822001100100
000080 31 39 39 39 39 39 39 39 - 39 30 38 39 39 39 39 30   1999999990899990
000090 30 30 31 30 30 30 30 30 - 30 30 30 30 36 31 33 30   0010000000006130
0000a0 30 30 30 30 30 30 31 38 - 32 32 30 31 31 33 39 31   0000001822011391
0000b0 30 30 30 39 32 33 cb bc - c3 a9 ca a6 d7 a8 20 20   000923........  
0000c0 20 20 20 20 20 20 20 20 - 20 20 20 20 20 20 20 20                   
0000d0 20 20 20 20 20 20 20 20 - 20 20 20 20 20 20 30 32                 02
0000e0 34 48 47 31 46 31 50 38 - 4c 38 34 4e 42 31 35 34   4HG1F1P8L84NB154
0000f0 42 31 42 30 4f 43 30 47 - 31 31 35 36 31 49 36 4a   B1B0OC0G11561I6J
000100 4d 38 30 47 30 31 32 30 - 30 30 30 30 35 30 30 30   M80G012000005000
000110 31 30 30 31 30 30 31 39 - 39 39 39 39 39 39 39 31   1001001999999991
000120 38 32 33 30 31 30 33 31 - 39 36 39 30 31 30 32 30   8230103196901020
000130 33 33 38 31 38 32 33 30 - 31 30 33 31 39 36 39 30   3381823010319690
000140 31 30 32 30 33 33 38 30 - 38 44 31 45 35 37 33      102033808D1E573

|                             收到8583数据包        
|		      报文头:---[Message Head]---
|Head.HeadLength               =[46]
|Head.HeadFlag                 =[1]
|Head.TotalLength              =[0335]
|Head.DestinationId            =[99990001   ]
|Head.SourceId                 =[00010000   ]
|Head.Reserved                 =[000]
|Head.Batchnumber              =[812398629]
|Head.TxnInfo                  =[00000000]
|Head.RejectCode               =[00000]
|		      报文体:---[Message Body]---
MTI                           =[0200]
主帐号02                      =[6223690994835458]
交易处理码03                  =[300000]
交易传输时间07                =[0810184546]
系统跟踪号11                  =[000613]
受卡方所在地时间12            =[184546]
受卡方所在地日期13            =[0810]
商户类型18                    =[8220]
服务点输入方式码22            =[011]
服务点条件码25                =[00]
代理机构标识码32              =[0199999999]
发送机构标识码33              =[99990001]
检索参考号37                  =[000000000613]
受卡机终端标识码41            =[00000001]
受卡方标识码42                =[822011391000923]
受卡方名称地址43              =[思茅师专                                ]
附加数据---私有48             =[HG1F1P8L84NB154B1B0OC0G1]
交易货币代码49                =[156]
自定义域60                    =[000005000100]
接收机构标识码100             =[0199999999]
帐户标识1                     =[230103196901020338]
帐户标识2                     =[230103196901020338]


处理完成，应答报文：
|                             往对方送数据包          
|		BEGIN---------------------------------BEGIN
|		      报文体:---[Message Body]---
MTI                           =[0210]
主帐号02                      =[6223690994835458]
交易处理码03                  =[300000]
交易传输时间07                =[0810184546]
系统跟踪号11                  =[000613]
受卡方所在地时间12            =[184546]
受卡方所在地日期13            =[0810]
商户类型18                    =[8220]
服务点输入方式码22            =[011]
服务点条件码25                =[00]
代理机构标识码32              =[0199999999]
发送机构标识码33              =[99990001]
检索参考号37                  =[000000000613]
应答码39                      =[05]
受卡机终端标识码41            =[00000001]
受卡方标识码42                =[822011391000923]
受卡方名称地址43              =[思茅师专                                ]
附加数据---私有48             =[1A281D62066FB8E065E6C225FEA09663]
交易货币代码49                =[156]
实际余额54                    =[0401001156C1002156C]
自定义域60                    =[000005000100]
接收机构标识码100             =[0199999999]
帐户标识1                     =[230103196901020338]
帐户标识2                     =[230103196901020338]
|回应报文,获取8583报文头
|		      报文头:---[Message Head]---
|Head.HeadLength               =[46]
|Head.HeadFlag                 =[1]
|Head.TotalLength              =[0356]
|Head.DestinationId            =[00010000   ]
|Head.SourceId                 =[99990001   ]
|Head.Reserved                 =[000]
|Head.Batchnumber              =[812401849]
|Head.TxnInfo                  =[00000000]
|Head.RejectCode               =[00000]
向对方发送数据                  |
=========================Binary buffer content len[360]====================
000000 30 33 35 36 2e 01 30 33 - 35 36 30 30 30 31 30 30   0356..0356000100
000010 30 30 20 20 20 39 39 39 - 39 30 30 30 31 20 20 20   00   99990001   
000020 30 30 30 30 30 30 30 30 - 30 30 30 30 30 30 30 30   0000000000000000
000030 30 30 30 32 31 30 e2 38 - 44 81 8a e1 84 10 00 00   000210.8D.......
000040 00 00 16 00 00 01 31 36 - 36 32 32 33 36 39 30 39   ......1662236909
000050 39 34 38 33 35 34 35 38 - 33 30 30 30 30 30 30 38   9483545830000008
000060 31 30 31 38 34 35 34 36 - 30 30 30 36 31 33 31 38   1018454600061318
000070 34 35 34 36 30 38 31 30 - 38 32 32 30 30 31 31 30   4546081082200110
000080 30 31 30 30 31 39 39 39 - 39 39 39 39 39 30 38 39   0100199999999089
000090 39 39 39 30 30 30 31 30 - 30 30 30 30 30 30 30 30   9990001000000000
0000a0 36 31 33 30 35 30 30 30 - 30 30 30 30 31 38 32 32   6130500000001822
0000b0 30 31 31 33 39 31 30 30 - 30 39 32 33 cb bc c3 a9   011391000923....
0000c0 ca a6 d7 a8 20 20 20 20 - 20 20 20 20 20 20 20 20   ....            
0000d0 20 20 20 20 20 20 20 20 - 20 20 20 20 20 20 20 20                   
0000e0 20 20 20 20 30 33 32 31 - 41 32 38 31 44 36 32 30       0321A281D620
0000f0 36 36 46 42 38 45 30 36 - 35 45 36 43 32 32 35 46   66FB8E065E6C225F
000100 45 41 30 39 36 36 33 31 - 35 36 30 31 36 31 30 30   EA09663156016100
000110 31 31 35 36 43 31 30 30 - 32 31 35 36 43 30 31 32   1156C1002156C012
000120 30 30 30 30 30 35 30 30 - 30 31 30 30 31 30 30 31   0000050001001001
000130 39 39 39 39 39 39 39 39 - 31 38 32 33 30 31 30 33   9999999918230103
000140 31 39 36 39 30 31 30 32 - 30 33 33 38 31 38 32 33   1969010203381823
000150 30 31 30 33 31 39 36 39 - 30 31 30 32 30 33 33 38   0103196901020338
000160 31 31 30 42 36 43 46 39 -                           110B6CF9
###################################################################################################
###################################################################################################