1.校园一卡通授权撤销
=========================Binary buffer content len[0]====================
110810:190046:636|D2|  COnceServer.cc[217]body=                           |
=========================Binary buffer content len[337]====================
000000 2e 01 30 33 33 37 39 39 - 39 39 30 30 30 31 20 20   ..033799990001  
000010 20 30 30 30 31 30 30 30 - 30 20 20 20 30 30 30 30    00010000   0000
000020 30 30 30 30 30 30 30 30 - 30 30 30 30 30 30 30 31   0000000000000001
000030 30 30 f2 3a 44 81 88 e1 - 90 10 00 00 00 00 16 00   00.:D...........
000040 00 01 31 36 36 32 32 33 - 36 39 30 39 39 34 38 33   ..16622369099483
000050 35 34 35 38 30 30 30 30 - 30 30 30 30 30 30 30 30   5458000000000000
000060 30 30 35 30 30 30 30 38 - 31 30 31 38 34 35 34 30   0050000810184540
000070 30 30 30 30 30 31 31 38 - 34 35 34 30 30 38 31 30   0000011845400810
000080 30 38 31 30 38 32 32 30 - 30 31 31 30 30 31 30 30   0810822001100100
000090 31 39 39 39 39 39 39 39 - 39 30 38 39 39 39 39 30   1999999990899990
0000a0 30 30 31 30 30 30 30 30 - 30 30 30 30 30 30 31 30   0010000000000010
0000b0 30 30 30 30 30 30 31 38 - 32 32 30 31 31 33 39 31   0000001822011391
0000c0 30 30 30 39 32 33 cb bc - c3 a9 ca a6 d7 a8 20 20   000923........  
0000d0 20 20 20 20 20 20 20 20 - 20 20 20 20 20 20 20 20                   
0000e0 20 20 20 20 20 20 20 20 - 20 20 20 20 20 20 30 32                 02
0000f0 34 45 4e 31 4a 31 50 38 - 4d 38 34 44 4f 31 35 34   4EN1J1P8M84DO154
000100 41 31 4d 30 4a 4f 30 48 - 31 31 35 36 31 4f 30 4b   A1M0JO0H11561O0K
000110 50 38 30 4c 30 31 32 30 - 30 30 30 30 35 30 30 30   P80L012000005000
000120 31 30 30 31 30 30 31 39 - 39 39 39 39 39 39 39 31   1001001999999991
000130 38 32 33 30 31 30 33 31 - 39 36 39 30 31 30 32 30   8230103196901020
000140 33 33 38 30 34 36 38 33 - 34 34 45 41 46 41 44 30   3380468344EAFAD0
000150 41                      -                           A

| 收到8583数据包        
|		      报文头:---[Message Head]---
|Head.HeadLength               =[46]
|Head.HeadFlag                 =[1]
|Head.TotalLength              =[0337]
|Head.DestinationId            =[99990001   ]
|Head.SourceId                 =[00010000   ]
|Head.Reserved                 =[000]
|Head.Batchnumber              =[811186213]
|Head.TxnInfo                  =[00000000]
|Head.RejectCode               =[00000]
|		      报文体:---[Message Body]---
MTI                           =[0100]
主帐号02                      =[6223690994835458]
交易处理码03                  =[000000]
交易金额04                    =[000000005000]
交易传输时间07                =[0810184540]
系统跟踪号11                  =[000001]
受卡方所在地时间12            =[184540]
受卡方所在地日期13            =[0810]
清算日期15                    =[0810]
商户类型18                    =[8220]
服务点输入方式码22            =[011]
服务点条件码25                =[00]
代理机构标识码32              =[0199999999]
发送机构标识码33              =[99990001]
检索参考号37                  =[000000000001]
受卡机终端标识码41            =[00000001]
受卡方标识码42                =[822011391000923]
受卡方名称地址43              =[思茅师专                                ]
附加数据---私有48             =[EN1J1P8M84DO154A1M0JO0H1]
交易货币代码49                =[156]
自定义域60                    =[000005000100]
接收机构标识码100             =[0199999999]
帐户标识1                     =[230103196901020338]
帐户标识2                     =[6834]
|	   END--------------解包结束--------------END


处理完毕，应答报文：
MTI                           =[0110]
主帐号02                      =[6223690994835458]
交易处理码03                  =[000000]
交易金额04                    =[000000005000]
交易传输时间07                =[0810184540]
系统跟踪号11                  =[000001]
受卡方所在地时间12            =[184540]
受卡方所在地日期13            =[0810]
商户类型18                    =[8220]
服务点输入方式码22            =[011]
服务点条件码25                =[00]
代理机构标识码32              =[99990001]
发送机构标识码33              =[99990000]
检索参考号37                  =[000000000001]
应答码39                      =[00]
受卡机终端标识码41            =[00000001]
受卡方标识码42                =[822011391000923]
受卡方名称地址43              =[思茅师专                                ]
附加数据---私有48             =[03560F2EC15F957B7E5BB380BDF5EAA0]
交易货币代码49                =[156]
自定义域60                    =[000005000100]
接收机构标识码100             =[0199999999]
帐户标识2                     =[6834]
|回应报文,获取8583报文头
|		      报文头:---[Message Head]---
|Head.HeadLength               =[46]
|Head.HeadFlag                 =[1]
|Head.TotalLength              =[0313]
|Head.DestinationId            =[00010000   ]
|Head.SourceId                 =[99990001   ]
|Head.Reserved                 =[000]
|Head.Batchnumber              =[811189433]
|Head.TxnInfo                  =[00000000]
|Head.RejectCode               =[00000]
向对方发送数据                  |
=========================Binary buffer content len[317]====================
000000 30 33 31 33 2e 01 30 33 - 31 33 30 30 30 31 30 30   0313..0313000100
000010 30 30 20 20 20 39 39 39 - 39 30 30 30 31 20 20 20   00   99990001   
000020 30 30 30 30 30 30 30 30 - 30 30 30 30 30 30 30 30   0000000000000000
000030 30 30 30 31 31 30 f2 38 - 44 81 8a e1 80 10 00 00   000110.8D.......
000040 00 00 12 00 00 01 31 36 - 36 32 32 33 36 39 30 39   ......1662236909
000050 39 34 38 33 35 34 35 38 - 30 30 30 30 30 30 30 30   9483545800000000
000060 30 30 30 30 30 30 35 30 - 30 30 30 38 31 30 31 38   0000005000081018
000070 34 35 34 30 30 30 30 30 - 30 31 31 38 34 35 34 30   4540000001184540
000080 30 38 31 30 38 32 32 30 - 30 31 31 30 30 30 38 39   0810822001100089
000090 39 39 39 30 30 30 31 30 - 38 39 39 39 39 30 30 30   9990001089999000
0000a0 30 30 30 30 30 30 30 30 - 30 30 30 30 31 30 30 30   0000000000001000
0000b0 30 30 30 30 30 30 31 38 - 32 32 30 31 31 33 39 31   0000001822011391
0000c0 30 30 30 39 32 33 cb bc - c3 a9 ca a6 d7 a8 20 20   000923........  
0000d0 20 20 20 20 20 20 20 20 - 20 20 20 20 20 20 20 20                   
0000e0 20 20 20 20 20 20 20 20 - 20 20 20 20 20 20 30 33                 03
0000f0 32 30 33 35 36 30 46 32 - 45 43 31 35 46 39 35 37   203560F2EC15F957
000100 42 37 45 35 42 42 33 38 - 30 42 44 46 35 45 41 41   B7E5BB380BDF5EAA
000110 30 31 35 36 30 31 32 30 - 30 30 30 30 35 30 30 30   0156012000005000
000120 31 30 30 31 30 30 31 39 - 39 39 39 39 39 39 39 30   1001001999999990
000130 34 36 38 33 34 30 30 43 - 39 37 42 42 45            4683400C97BBE
###################################################################################################
###################################################################################################
2.校园一卡通余额查询（授权信息为完成初始化时，返回05“不予承兑”，55表示密码错误，详见应答码对照表）
=========================Binary buffer content len[0]====================
110810:190052:500|D2|  COnceServer.cc[217]body=                           |
=========================Binary buffer content len[335]====================
000000 2e 01 30 33 33 35 39 39 - 39 39 30 30 30 31 20 20   ..033599990001  
000010 20 30 30 30 31 30 30 30 - 30 20 20 20 30 30 30 30    00010000   0000
000020 30 30 30 30 30 30 30 30 - 30 30 30 30 30 30 30 32   0000000000000002
000030 30 30 e2 38 44 81 88 e1 - 90 10 00 00 00 00 16 00   00.8D...........
000040 00 01 31 36 36 32 32 33 - 36 39 30 39 39 34 38 33   ..16622369099483
000050 35 34 35 38 33 30 30 30 - 30 30 30 38 31 30 31 38   5458300000081018
000060 34 35 34 36 30 30 30 36 - 31 33 31 38 34 35 34 36   4546000613184546
000070 30 38 31 30 38 32 32 30 - 30 31 31 30 30 31 30 30   0810822001100100
000080 31 39 39 39 39 39 39 39 - 39 30 38 39 39 39 39 30   1999999990899990
000090 30 30 31 30 30 30 30 30 - 30 30 30 30 36 31 33 30   0010000000006130
0000a0 30 30 30 30 30 30 31 38 - 32 32 30 31 31 33 39 31   0000001822011391
0000b0 30 30 30 39 32 33 cb bc - c3 a9 ca a6 d7 a8 20 20   000923........  
0000c0 20 20 20 20 20 20 20 20 - 20 20 20 20 20 20 20 20                   
0000d0 20 20 20 20 20 20 20 20 - 20 20 20 20 20 20 30 32                 02
0000e0 34 48 47 31 46 31 50 38 - 4c 38 34 4e 42 31 35 34   4HG1F1P8L84NB154
0000f0 42 31 42 30 4f 43 30 47 - 31 31 35 36 31 49 36 4a   B1B0OC0G11561I6J
000100 4d 38 30 47 30 31 32 30 - 30 30 30 30 35 30 30 30   M80G012000005000
000110 31 30 30 31 30 30 31 39 - 39 39 39 39 39 39 39 31   1001001999999991
000120 38 32 33 30 31 30 33 31 - 39 36 39 30 31 30 32 30   8230103196901020
000130 33 33 38 31 38 32 33 30 - 31 30 33 31 39 36 39 30   3381823010319690
000140 31 30 32 30 33 33 38 30 - 38 44 31 45 35 37 33      102033808D1E573

|                             收到8583数据包        
|		      报文头:---[Message Head]---
|Head.HeadLength               =[46]
|Head.HeadFlag                 =[1]
|Head.TotalLength              =[0335]
|Head.DestinationId            =[99990001   ]
|Head.SourceId                 =[00010000   ]
|Head.Reserved                 =[000]
|Head.Batchnumber              =[812398629]
|Head.TxnInfo                  =[00000000]
|Head.RejectCode               =[00000]
|		      报文体:---[Message Body]---
MTI                           =[0200]
主帐号02                      =[6223690994835458]
交易处理码03                  =[300000]
交易传输时间07                =[0810184546]
系统跟踪号11                  =[000613]
受卡方所在地时间12            =[184546]
受卡方所在地日期13            =[0810]
商户类型18                    =[8220]
服务点输入方式码22            =[011]
服务点条件码25                =[00]
代理机构标识码32              =[0199999999]
发送机构标识码33              =[99990001]
检索参考号37                  =[000000000613]
受卡机终端标识码41            =[00000001]
受卡方标识码42                =[822011391000923]
受卡方名称地址43              =[思茅师专                                ]
附加数据---私有48             =[HG1F1P8L84NB154B1B0OC0G1]
交易货币代码49                =[156]
自定义域60                    =[000005000100]
接收机构标识码100             =[0199999999]
帐户标识1                     =[230103196901020338]
帐户标识2                     =[230103196901020338]


处理完成，应答报文：
|                             往对方送数据包          
|		BEGIN---------------------------------BEGIN
|		      报文体:---[Message Body]---
MTI                           =[0210]
主帐号02                      =[6223690994835458]
交易处理码03                  =[300000]
交易传输时间07                =[0810184546]
系统跟踪号11                  =[000613]
受卡方所在地时间12            =[184546]
受卡方所在地日期13            =[0810]
商户类型18                    =[8220]
服务点输入方式码22            =[011]
服务点条件码25                =[00]
代理机构标识码32              =[0199999999]
发送机构标识码33              =[99990001]
检索参考号37                  =[000000000613]
应答码39                      =[05]
受卡机终端标识码41            =[00000001]
受卡方标识码42                =[822011391000923]
受卡方名称地址43              =[思茅师专                                ]
附加数据---私有48             =[1A281D62066FB8E065E6C225FEA09663]
交易货币代码49                =[156]
实际余额54                    =[0401001156C1002156C]
自定义域60                    =[000005000100]
接收机构标识码100             =[0199999999]
帐户标识1                     =[230103196901020338]
帐户标识2                     =[230103196901020338]
|回应报文,获取8583报文头
|		      报文头:---[Message Head]---
|Head.HeadLength               =[46]
|Head.HeadFlag                 =[1]
|Head.TotalLength              =[0356]
|Head.DestinationId            =[00010000   ]
|Head.SourceId                 =[99990001   ]
|Head.Reserved                 =[000]
|Head.Batchnumber              =[812401849]
|Head.TxnInfo                  =[00000000]
|Head.RejectCode               =[00000]
向对方发送数据                  |
=========================Binary buffer content len[360]====================
000000 30 33 35 36 2e 01 30 33 - 35 36 30 30 30 31 30 30   0356..0356000100
000010 30 30 20 20 20 39 39 39 - 39 30 30 30 31 20 20 20   00   99990001   
000020 30 30 30 30 30 30 30 30 - 30 30 30 30 30 30 30 30   0000000000000000
000030 30 30 30 32 31 30 e2 38 - 44 81 8a e1 84 10 00 00   000210.8D.......
000040 00 00 16 00 00 01 31 36 - 36 32 32 33 36 39 30 39   ......1662236909
000050 39 34 38 33 35 34 35 38 - 33 30 30 30 30 30 30 38   9483545830000008
000060 31 30 31 38 34 35 34 36 - 30 30 30 36 31 33 31 38   1018454600061318
000070 34 35 34 36 30 38 31 30 - 38 32 32 30 30 31 31 30   4546081082200110
000080 30 31 30 30 31 39 39 39 - 39 39 39 39 39 30 38 39   0100199999999089
000090 39 39 39 30 30 30 31 30 - 30 30 30 30 30 30 30 30   9990001000000000
0000a0 36 31 33 30 35 30 30 30 - 30 30 30 30 31 38 32 32   6130500000001822
0000b0 30 31 31 33 39 31 30 30 - 30 39 32 33 cb bc c3 a9   011391000923....
0000c0 ca a6 d7 a8 20 20 20 20 - 20 20 20 20 20 20 20 20   ....            
0000d0 20 20 20 20 20 20 20 20 - 20 20 20 20 20 20 20 20                   
0000e0 20 20 20 20 30 33 32 31 - 41 32 38 31 44 36 32 30       0321A281D620
0000f0 36 36 46 42 38 45 30 36 - 35 45 36 43 32 32 35 46   66FB8E065E6C225F
000100 45 41 30 39 36 36 33 31 - 35 36 30 31 36 31 30 30   EA09663156016100
000110 31 31 35 36 43 31 30 30 - 32 31 35 36 43 30 31 32   1156C1002156C012
000120 30 30 30 30 30 35 30 30 - 30 31 30 30 31 30 30 31   0000050001001001
000130 39 39 39 39 39 39 39 39 - 31 38 32 33 30 31 30 33   9999999918230103
000140 31 39 36 39 30 31 30 32 - 30 33 33 38 31 38 32 33   1969010203381823
000150 30 31 30 33 31 39 36 39 - 30 31 30 32 30 33 33 38   0103196901020338
000160 31 31 30 42 36 43 46 39 -                           110B6CF9
###################################################################################################
###################################################################################################
3.校园一卡通授权信息初始化（授权信息初次初始化时，如果上送信息无误将成功；
撤销后再次初始化时，如果上送信息无误将成功；
撤销后再次初始化时，如果上送信息中学生补卡，交易将成功，银行方在学生补卡后，
当前银行卡与原银行卡保持关联，但是不允许用其他卡或者新办的卡来进行授权信息的再次初始化。）
=========================Binary buffer content len[0]====================
110810:190710:352|D2|  COnceServer.cc[217]body=                           |
=========================Binary buffer content len[351]====================
000000 2e 01 30 33 35 31 39 39 - 39 39 30 30 30 31 20 20   ..035199990001  
000010 20 30 30 30 31 30 30 30 - 30 20 20 20 30 30 30 30    00010000   0000
000020 30 30 30 30 30 30 30 30 - 30 30 30 30 30 30 30 31   0000000000000001
000030 30 30 f2 3a 44 81 88 e1 - 90 10 00 00 00 00 16 00   00.:D...........
000040 00 01 31 36 36 32 32 33 - 36 39 30 39 39 34 38 33   ..16622369099483
000050 35 34 35 38 32 30 30 30 - 30 30 30 30 30 30 30 30   5458200000000000
000060 30 30 30 30 30 30 30 38 - 31 30 31 38 35 32 30 33   0000000810185203
000070 30 30 30 36 31 35 31 38 - 35 32 30 33 30 38 31 30   0006151852030810
000080 30 38 31 30 38 32 32 30 - 30 31 31 30 30 31 30 30   0810822001100100
000090 31 39 39 39 39 39 39 39 - 39 30 38 39 39 39 39 30   1999999990899990
0000a0 30 30 31 30 30 30 30 30 - 30 30 30 30 36 31 35 30   0010000000006150
0000b0 30 30 30 30 30 30 31 38 - 32 32 30 31 31 33 39 31   0000001822011391
0000c0 30 30 30 39 32 33 cb bc - c3 a9 ca a6 d7 a8 20 20   000923........  
0000d0 20 20 20 20 20 20 20 20 - 20 20 20 20 20 20 20 20                   
0000e0 20 20 20 20 20 20 20 20 - 20 20 20 20 20 20 30 32                 02
0000f0 34 48 45 31 4e 31 43 38 - 46 38 35 4e 44 31 32 30   4HE1N1C8F85ND120
000100 49 31 42 30 41 4d 30 4b - 31 31 35 36 31 4e 33 41   I1B0AM0K11561N3A
000110 45 38 30 4c 30 31 32 30 - 30 30 30 30 35 30 30 30   E80L012000005000
000120 31 30 30 31 30 30 31 39 - 39 39 39 39 39 39 39 31   1001001999999991
000130 38 32 33 30 31 30 33 31 - 39 36 39 30 31 30 32 30   8230103196901020
000140 33 33 38 31 38 32 33 30 - 31 30 33 31 39 36 39 30   3381823010319690
000150 31 30 32 30 33 33 38 37 - 33 35 38 35 37 38 33      102033873585783

|                             收到8583数据包        
|		      报文头:---[Message Head]---
|Head.HeadLength               =[46]
|Head.HeadFlag                 =[1]
|Head.TotalLength              =[0351]
|Head.DestinationId            =[99990001   ]
|Head.SourceId                 =[00010000   ]
|Head.Reserved                 =[000]
|Head.Batchnumber              =[812341285]
|Head.TxnInfo                  =[00000000]
|Head.RejectCode               =[00000]
|		      报文体:---[Message Body]---
MTI                           =[0100]
主帐号02                      =[6223690994835458]
交易处理码03                  =[200000]
交易金额04                    =[000000000000]
交易传输时间07                =[0810185203]
系统跟踪号11                  =[000615]
受卡方所在地时间12            =[185203]
受卡方所在地日期13            =[0810]
清算日期15                    =[0810]
商户类型18                    =[8220]
服务点输入方式码22            =[011]
服务点条件码25                =[00]
代理机构标识码32              =[0199999999]
发送机构标识码33              =[99990001]
检索参考号37                  =[000000000615]
受卡机终端标识码41            =[00000001]
受卡方标识码42                =[822011391000923]
受卡方名称地址43              =[思茅师专                                ]
附加数据---私有48             =[HE1N1C8F85ND120I1B0AM0K1]
交易货币代码49                =[156]
自定义域60                    =[000005000100]
接收机构标识码100             =[0199999999]
帐户标识1                     =[230103196901020338]
帐户标识2                     =[230103196901020338]
|	   END--------------解包结束--------------END

处理完成，应答报文：
|                             往对方送数据包          
|		BEGIN---------------------------------BEGIN
|		      报文体:---[Message Body]---
MTI                           =[0110]
主帐号02                      =[6223690994835458]
交易处理码03                  =[200000]
交易金额04                    =[000000000000]
交易传输时间07                =[0810185203]
系统跟踪号11                  =[000615]
受卡方所在地时间12            =[185203]
受卡方所在地日期13            =[0810]
商户类型18                    =[8220]
服务点输入方式码22            =[011]
服务点条件码25                =[00]
代理机构标识码32              =[99990001]
发送机构标识码33              =[99990000]
检索参考号37                  =[000000000615]
应答码39                      =[00]
受卡机终端标识码41            =[00000001]
受卡方标识码42                =[822011391000923]
受卡方名称地址43              =[思茅师专                                ]
附加数据---私有48             =[04E860F51E143B4805F194771C9ECBD4]
交易货币代码49                =[156]
自定义域60                    =[000005000100]
接收机构标识码100             =[0199999999]
帐户标识1                     =[230103196901020338]
帐户标识2                     =[230103196901020338]

		      报文头:---[Message Head]---
Head.HeadLength               =[46]
Head.HeadFlag                 =[1]
Head.TotalLength              =[0347]
Head.DestinationId            =[00010000   ]
Head.SourceId                 =[99990001   ]
Head.Reserved                 =[000]
Head.Batchnumber              =[812344505]
Head.TxnInfo                  =[00000000]
Head.RejectCode               =[00000]
[410]向对方发送数据                  |
=========================Binary buffer content len[351]====================
000000 30 33 34 37 2e 01 30 33 - 34 37 30 30 30 31 30 30   0347..0347000100
000010 30 30 20 20 20 39 39 39 - 39 30 30 30 31 20 20 20   00   99990001   
000020 30 30 30 30 30 30 30 30 - 30 30 30 30 30 30 30 30   0000000000000000
000030 30 30 30 31 31 30 f2 38 - 44 81 8a e1 80 10 00 00   000110.8D.......
000040 00 00 16 00 00 01 31 36 - 36 32 32 33 36 39 30 39   ......1662236909
000050 39 34 38 33 35 34 35 38 - 32 30 30 30 30 30 30 30   9483545820000000
000060 30 30 30 30 30 30 30 30 - 30 30 30 38 31 30 31 38   0000000000081018
000070 35 32 30 33 30 30 30 36 - 31 35 31 38 35 32 30 33   5203000615185203
000080 30 38 31 30 38 32 32 30 - 30 31 31 30 30 30 38 39   0810822001100089
000090 39 39 39 30 30 30 31 30 - 38 39 39 39 39 30 30 30   9990001089999000
0000a0 30 30 30 30 30 30 30 30 - 30 30 36 31 35 30 30 30   0000000000615000
0000b0 30 30 30 30 30 30 31 38 - 32 32 30 31 31 33 39 31   0000001822011391
0000c0 30 30 30 39 32 33 cb bc - c3 a9 ca a6 d7 a8 20 20   000923........  
0000d0 20 20 20 20 20 20 20 20 - 20 20 20 20 20 20 20 20                   
0000e0 20 20 20 20 20 20 20 20 - 20 20 20 20 20 20 30 33                 03
0000f0 32 30 34 45 38 36 30 46 - 35 31 45 31 34 33 42 34   204E860F51E143B4
000100 38 30 35 46 31 39 34 37 - 37 31 43 39 45 43 42 44   805F194771C9ECBD
000110 34 31 35 36 30 31 32 30 - 30 30 30 30 35 30 30 30   4156012000005000
000120 31 30 30 31 30 30 31 39 - 39 39 39 39 39 39 39 31   1001001999999991
000130 38 32 33 30 31 30 33 31 - 39 36 39 30 31 30 32 30   8230103196901020
000140 33 33 38 31 38 32 33 30 - 31 30 33 31 39 36 39 30   3381823010319690
000150 31 30 32 30 33 33 38 30 - 36 31 33 30 39 31 43      10203380613091C
###################################################################################################
###################################################################################################

4.校园一卡通授权信息初始化（初始化授权信息失败时，返回06，重复初始化同样返回06）
=========================Binary buffer content len[0]====================
110810:190119:680|D2|  COnceServer.cc[217]body=                           |
=========================Binary buffer content len[351]====================
000000 2e 01 30 33 35 31 39 39 - 39 39 30 30 30 31 20 20   ..035199990001  
000010 20 30 30 30 31 30 30 30 - 30 20 20 20 30 30 30 30    00010000   0000
000020 30 30 30 30 30 30 30 30 - 30 30 30 30 30 30 30 31   0000000000000001
000030 30 30 f2 3a 44 81 88 e1 - 90 10 00 00 00 00 16 00   00.:D...........
000040 00 01 31 36 36 32 32 33 - 36 39 30 39 39 34 38 33   ..16622369099483
000050 35 34 35 38 32 30 30 30 - 30 30 30 30 30 30 30 30   5458200000000000
000060 30 30 30 30 30 30 30 38 - 31 30 31 38 34 36 31 33   0000000810184613
000070 30 30 30 36 31 34 31 38 - 34 36 31 33 30 38 31 30   0006141846130810
000080 30 38 31 30 38 32 32 30 - 30 31 31 30 30 31 30 30   0810822001100100
000090 31 39 39 39 39 39 39 39 - 39 30 38 39 39 39 39 30   1999999990899990
0000a0 30 30 31 30 30 30 30 30 - 30 30 30 30 36 31 34 30   0010000000006140
0000b0 30 30 30 30 30 30 31 38 - 32 32 30 31 31 33 39 31   0000001822011391
0000c0 30 30 30 39 32 33 cb bc - c3 a9 ca a6 d7 a8 20 20   000923........  
0000d0 20 20 20 20 20 20 20 20 - 20 20 20 20 20 20 20 20                   
0000e0 20 20 20 20 20 20 20 20 - 20 20 20 20 20 20 30 32                 02
0000f0 34 41 50 31 4f 31 43 38 - 43 38 34 49 43 31 36 31   4AP1O1C8C84IC161
000100 47 31 44 30 43 49 30 4c - 31 31 35 36 31 45 33 46   G1D0CI0L11561E3F
000110 4c 38 30 48 30 31 32 30 - 30 30 30 30 35 30 30 30   L80H012000005000
000120 31 30 30 31 30 30 31 39 - 39 39 39 39 39 39 39 31   1001001999999991
000130 38 32 33 30 31 30 33 31 - 39 36 39 30 31 30 32 30   8230103196901020
000140 33 33 38 31 38 32 33 30 - 31 30 33 31 39 36 39 30   3381823010319690
000150 31 30 32 30 33 33 38 42 - 31 30 32 32 38 34 35      1020338B1022845
|                             收到8583数据包        
|		      报文头:---[Message Head]---
|Head.HeadLength               =[46]
|Head.HeadFlag                 =[1]
|Head.TotalLength              =[0351]
|Head.DestinationId            =[99990001   ]
|Head.SourceId                 =[00010000   ]
|Head.Reserved                 =[000]
|Head.Batchnumber              =[811186213]
|Head.TxnInfo                  =[00000000]
|Head.RejectCode               =[00000]
|		      报文体:---[Message Body]---
MTI                           =[0100]
主帐号02                      =[6223690994835458]
交易处理码03                  =[200000]
交易金额04                    =[000000000000]
交易传输时间07                =[0810184613]
系统跟踪号11                  =[000614]
受卡方所在地时间12            =[184613]
受卡方所在地日期13            =[0810]
清算日期15                    =[0810]
商户类型18                    =[8220]
服务点输入方式码22            =[011]
服务点条件码25                =[00]
代理机构标识码32              =[0199999999]
发送机构标识码33              =[99990001]
检索参考号37                  =[000000000614]
受卡机终端标识码41            =[00000001]
受卡方标识码42                =[822011391000923]
受卡方名称地址43              =[思茅师专                                ]
附加数据---私有48             =[AP1O1C8C84IC161G1D0CI0L1]
交易货币代码49                =[156]
自定义域60                    =[000005000100]
接收机构标识码100             =[0199999999]
帐户标识1                     =[230103196901020338]
帐户标识2                     =[230103196901020338]
|	   END--------------解包结束--------------END


处理完成，应答报文：
|                             往对方送数据包          
|		BEGIN---------------------------------BEGIN
|		      报文体:---[Message Body]---
MTI                           =[0110]
主帐号02                      =[6223690994835458]
交易处理码03                  =[200000]
交易金额04                    =[000000000000]
交易传输时间07                =[0810184613]
系统跟踪号11                  =[000614]
受卡方所在地时间12            =[184613]
受卡方所在地日期13            =[0810]
商户类型18                    =[8220]
服务点输入方式码22            =[011]
服务点条件码25                =[00]
代理机构标识码32              =[99990001]
发送机构标识码33              =[99990000]
检索参考号37                  =[000000000614]
应答码39                      =[06]
受卡机终端标识码41            =[00000001]
受卡方标识码42                =[822011391000923]
受卡方名称地址43              =[思茅师专                                ]
附加数据---私有48             =[2F1356703221BAD9EDE34B21667C0024]
交易货币代码49                =[156]
自定义域60                    =[000005000100]
接收机构标识码100             =[0199999999]
帐户标识1                     =[230103196901020338]
帐户标识2                     =[230103196901020338]
|回应报文,获取8583报文头
|		      报文头:---[Message Head]---
|Head.HeadLength               =[46]
|Head.HeadFlag                 =[1]
|Head.TotalLength              =[0347]
|Head.DestinationId            =[00010000   ]
|Head.SourceId                 =[99990001   ]
|Head.Reserved                 =[000]
|Head.Batchnumber              =[811189433]
|Head.TxnInfo                  =[00000000]
|Head.RejectCode               =[00000]
向对方发送数据                  |
=========================Binary buffer content len[351]====================
000000 30 33 34 37 2e 01 30 33 - 34 37 30 30 30 31 30 30   0347..0347000100
000010 30 30 20 20 20 39 39 39 - 39 30 30 30 31 20 20 20   00   99990001   
000020 30 30 30 30 30 30 30 30 - 30 30 30 30 30 30 30 30   0000000000000000
000030 30 30 30 31 31 30 f2 38 - 44 81 8a e1 80 10 00 00   000110.8D.......
000040 00 00 16 00 00 01 31 36 - 36 32 32 33 36 39 30 39   ......1662236909
000050 39 34 38 33 35 34 35 38 - 32 30 30 30 30 30 30 30   9483545820000000
000060 30 30 30 30 30 30 30 30 - 30 30 30 38 31 30 31 38   0000000000081018
000070 34 36 31 33 30 30 30 36 - 31 34 31 38 34 36 31 33   4613000614184613
000080 30 38 31 30 38 32 32 30 - 30 31 31 30 30 30 38 39   0810822001100089
000090 39 39 39 30 30 30 31 30 - 38 39 39 39 39 30 30 30   9990001089999000
0000a0 30 30 30 30 30 30 30 30 - 30 30 36 31 34 30 36 30   0000000000614060
0000b0 30 30 30 30 30 30 31 38 - 32 32 30 31 31 33 39 31   0000001822011391
0000c0 30 30 30 39 32 33 cb bc - c3 a9 ca a6 d7 a8 20 20   000923........  
0000d0 20 20 20 20 20 20 20 20 - 20 20 20 20 20 20 20 20                   
0000e0 20 20 20 20 20 20 20 20 - 20 20 20 20 20 20 30 33                 03
0000f0 32 32 46 31 33 35 36 37 - 30 33 32 32 31 42 41 44   22F1356703221BAD
000100 39 45 44 45 33 34 42 32 - 31 36 36 37 43 30 30 32   9EDE34B21667C002
000110 34 31 35 36 30 31 32 30 - 30 30 30 30 35 30 30 30   4156012000005000
000120 31 30 30 31 30 30 31 39 - 39 39 39 39 39 39 39 31   1001001999999991
000130 38 32 33 30 31 30 33 31 - 39 36 39 30 31 30 32 30   8230103196901020
000140 33 33 38 31 38 32 33 30 - 31 30 33 31 39 36 39 30   3381823010319690
000150 31 30 32 30 33 33 38 32 - 35 33 42 45 34 36 30      1020338253BE460
###################################################################################################
###################################################################################################

5.校园一卡通余额查询（需要验证授权密码）
=========================Binary buffer content len[0]====================
110810:190722:069|D2|  COnceServer.cc[217]body=                           |
=========================Binary buffer content len[335]====================
000000 2e 01 30 33 33 35 39 39 - 39 39 30 30 30 31 20 20   ..033599990001  
000010 20 30 30 30 31 30 30 30 - 30 20 20 20 30 30 30 30    00010000   0000
000020 30 30 30 30 30 30 30 30 - 30 30 30 30 30 30 30 32   0000000000000002
000030 30 30 e2 38 44 81 88 e1 - 90 10 00 00 00 00 16 00   00.8D...........
000040 00 01 31 36 36 32 32 33 - 36 39 30 39 39 34 38 33   ..16622369099483
000050 35 34 35 38 33 30 30 30 - 30 30 30 38 31 30 31 38   5458300000081018
000060 35 32 31 35 30 30 30 36 - 31 36 31 38 35 32 31 35   5215000616185215
000070 30 38 31 30 38 32 32 30 - 30 31 31 30 30 31 30 30   0810822001100100
000080 31 39 39 39 39 39 39 39 - 39 30 38 39 39 39 39 30   1999999990899990
000090 30 30 31 30 30 30 30 30 - 30 30 30 30 36 31 36 30   0010000000006160
0000a0 30 30 30 30 30 30 31 38 - 32 32 30 31 31 33 39 31   0000001822011391
0000b0 30 30 30 39 32 33 cb bc - c3 a9 ca a6 d7 a8 20 20   000923........  
0000c0 20 20 20 20 20 20 20 20 - 20 20 20 20 20 20 20 20                   
0000d0 20 20 20 20 20 20 20 20 - 20 20 20 20 20 20 30 32                 02
0000e0 34 46 4d 31 41 31 46 38 - 42 38 35 43 42 31 32 31   4FM1A1F8B85CB121
0000f0 4f 31 49 30 45 4c 30 4b - 31 31 35 36 31 43 35 4c   O1I0EL0K11561C5L
000100 4c 38 30 4a 30 31 32 30 - 30 30 30 30 35 30 30 30   L80J012000005000
000110 31 30 30 31 30 30 31 39 - 39 39 39 39 39 39 39 31   1001001999999991
000120 38 32 33 30 31 30 33 31 - 39 36 39 30 31 30 32 30   8230103196901020
000130 33 33 38 31 38 32 33 30 - 31 30 33 31 39 36 39 30   3381823010319690
000140 31 30 32 30 33 33 38 38 - 31 42 36 42 31 31 38      102033881B6B118
|                             收到8583数据包        
|		      报文头:---[Message Head]---
|Head.HeadLength               =[46]
|Head.HeadFlag                 =[1]
|Head.TotalLength              =[0335]
|Head.DestinationId            =[99990001   ]
|Head.SourceId                 =[00010000   ]
|Head.Reserved                 =[000]
|Head.Batchnumber              =[813406245]
|Head.TxnInfo                  =[00000000]
|Head.RejectCode               =[00000]
|		      报文体:---[Message Body]---
MTI                           =[0200]
主帐号02                      =[6223690994835458]
交易处理码03                  =[300000]
交易传输时间07                =[0810185215]
系统跟踪号11                  =[000616]
受卡方所在地时间12            =[185215]
受卡方所在地日期13            =[0810]
商户类型18                    =[8220]
服务点输入方式码22            =[011]
服务点条件码25                =[00]
代理机构标识码32              =[0199999999]
发送机构标识码33              =[99990001]
检索参考号37                  =[000000000616]
受卡机终端标识码41            =[00000001]
受卡方标识码42                =[822011391000923]
受卡方名称地址43              =[思茅师专                                ]
附加数据---私有48             =[FM1A1F8B85CB121O1I0EL0K1]
交易货币代码49                =[156]
自定义域60                    =[000005000100]
接收机构标识码100             =[0199999999]
帐户标识1                     =[230103196901020338]
帐户标识2                     =[230103196901020338]
|	   END--------------解包结束--------------END

处理完成，应答报文：
|                             往对方送数据包          
|		BEGIN---------------------------------BEGIN
|		      报文体:---[Message Body]---
MTI                           =[0210]
主帐号02                      =[6223690994835458]
交易处理码03                  =[300000]
交易传输时间07                =[0810185215]
系统跟踪号11                  =[000616]
受卡方所在地时间12            =[185215]
受卡方所在地日期13            =[0810]
商户类型18                    =[8220]
服务点输入方式码22            =[011]
服务点条件码25                =[00]
代理机构标识码32              =[0199999999]
发送机构标识码33              =[99990001]
检索参考号37                  =[000000000616]
应答码39                      =[00]
受卡机终端标识码41            =[00000001]
受卡方标识码42                =[822011391000923]
受卡方名称地址43              =[思茅师专                                ]
附加数据---私有48             =[EC884672809E9387B5119AA6592DA911]
交易货币代码49                =[156]
实际余额54                    =[0401001156C0000100113701002156C000010011370]
自定义域60                    =[000005000100]
接收机构标识码100             =[0199999999]
帐户标识1                     =[230103196901020338]
帐户标识2                     =[230103196901020338]
回应报文,获取8583报文头
|		      报文头:---[Message Head]---
|Head.HeadLength               =[46]
|Head.HeadFlag                 =[1]
|Head.TotalLength              =[0380]
|Head.DestinationId            =[00010000   ]
|Head.SourceId                 =[99990001   ]
|Head.Reserved                 =[000]
|Head.Batchnumber              =[813409465]
|Head.TxnInfo                  =[00000000]
|Head.RejectCode               =[00000]
[410]向对方发送数据                  |
=========================Binary buffer content len[384]====================
000000 30 33 38 30 2e 01 30 33 - 38 30 30 30 30 31 30 30   0380..0380000100
000010 30 30 20 20 20 39 39 39 - 39 30 30 30 31 20 20 20   00   99990001   
000020 30 30 30 30 30 30 30 30 - 30 30 30 30 30 30 30 30   0000000000000000
000030 30 30 30 32 31 30 e2 38 - 44 81 8a e1 84 10 00 00   000210.8D.......
000040 00 00 16 00 00 01 31 36 - 36 32 32 33 36 39 30 39   ......1662236909
000050 39 34 38 33 35 34 35 38 - 33 30 30 30 30 30 30 38   9483545830000008
000060 31 30 31 38 35 32 31 35 - 30 30 30 36 31 36 31 38   1018521500061618
000070 35 32 31 35 30 38 31 30 - 38 32 32 30 30 31 31 30   5215081082200110
000080 30 31 30 30 31 39 39 39 - 39 39 39 39 39 30 38 39   0100199999999089
000090 39 39 39 30 30 30 31 30 - 30 30 30 30 30 30 30 30   9990001000000000
0000a0 36 31 36 30 30 30 30 30 - 30 30 30 30 31 38 32 32   6160000000001822
0000b0 30 31 31 33 39 31 30 30 - 30 39 32 33 cb bc c3 a9   011391000923....
0000c0 ca a6 d7 a8 20 20 20 20 - 20 20 20 20 20 20 20 20   ....            
0000d0 20 20 20 20 20 20 20 20 - 20 20 20 20 20 20 20 20                   
0000e0 20 20 20 20 30 33 32 45 - 43 38 38 34 36 37 32 38       032EC8846728
0000f0 30 39 45 39 33 38 37 42 - 35 31 31 39 41 41 36 35   09E9387B5119AA65
000100 39 32 44 41 39 31 31 31 - 35 36 30 34 30 31 30 30   92DA911156040100
000110 31 31 35 36 43 30 30 30 - 30 31 30 30 31 31 33 37   1156C00001001137
000120 30 31 30 30 32 31 35 36 - 43 30 30 30 30 31 30 30   01002156C0000100
000130 31 31 33 37 30 30 31 32 - 30 30 30 30 30 35 30 30   1137001200000500
000140 30 31 30 30 31 30 30 31 - 39 39 39 39 39 39 39 39   0100100199999999
000150 31 38 32 33 30 31 30 33 - 31 39 36 39 30 31 30 32   1823010319690102
000160 30 33 33 38 31 38 32 33 - 30 31 30 33 31 39 36 39   0338182301031969
000170 30 31 30 32 30 33 33 38 - 45 34 38 39 42 39 35 41   01020338E489B95A
###################################################################################################
###################################################################################################


6.校园一卡通验证码修改（需输入原授权密码和新授权密码，
如果是管理节点发起的重置授权密码交易，将不校验原授权密码，无条件直接重置授权密码，
重置默认密码由学校方管理，银行方不管理密码明文）
=========================Binary buffer content len[0]====================
110810:190735:449|D2|  COnceServer.cc[217]body=                           |
=========================Binary buffer content len[385]====================
000000 2e 01 30 33 38 35 39 39 - 39 39 30 30 30 31 20 20   ..038599990001  
000010 20 30 30 30 31 30 30 30 - 30 20 20 20 30 30 30 30    00010000   0000
000020 30 30 30 30 30 30 30 30 - 30 30 30 30 30 30 30 32   0000000000000002
000030 32 30 f2 38 44 81 88 e1 - 90 10 00 00 00 00 16 00   20.8D...........
000040 00 61 31 36 36 32 32 33 - 36 39 30 39 39 34 38 33   .a16622369099483
000050 35 34 35 38 37 30 30 30 - 30 30 30 30 30 30 30 30   5458700000000000
000060 30 30 30 30 30 30 30 38 - 31 30 31 38 35 32 32 38   0000000810185228
000070 30 30 30 36 31 37 31 38 - 35 32 32 38 30 38 31 30   0006171852280810
000080 38 32 32 30 30 31 31 30 - 30 31 30 30 31 39 39 39   8220011001001999
000090 39 39 39 39 39 30 38 39 - 39 39 39 30 30 30 31 30   9999908999900010
0000a0 30 30 30 30 30 30 30 30 - 36 31 37 30 30 30 30 30   0000000061700000
0000b0 30 30 31 38 32 32 30 31 - 31 33 39 31 30 30 30 39   0018220113910009
0000c0 32 33 cb bc c3 a9 ca a6 - d7 a8 20 20 20 20 20 20   23........      
0000d0 20 20 20 20 20 20 20 20 - 20 20 20 20 20 20 20 20                   
0000e0 20 20 20 20 20 20 20 20 - 20 20 30 32 34 49 4e 31             024IN1
0000f0 43 31 49 38 4c 38 35 4b - 4f 31 32 32 48 31 4c 30   C1I8L85KO122H1L0
000100 47 4b 30 50 31 31 35 36 - 31 4b 39 41 43 38 30 4e   GK0P11561K9AC80N
000110 30 31 32 30 30 30 30 30 - 35 30 30 30 31 30 30 31   0120000050001001
000120 30 30 31 39 39 39 39 39 - 39 39 39 31 38 32 33 30   0019999999918230
000130 31 30 33 31 39 36 39 30 - 31 30 32 30 33 33 38 31   1031969010203381
000140 38 32 33 30 31 30 33 31 - 39 36 39 30 31 30 32 30   8230103196901020
000150 33 33 38 30 30 38 31 4b - 39 41 43 38 30 4e 30 32   3380081K9AC80N02
000160 34 49 4e 31 43 31 49 38 - 4c 38 35 4b 4f 31 32 32   4IN1C1I8L85KO122
000170 48 31 4c 30 47 4b 30 50 - 31 35 38 31 42 42 30 36   H1L0GK0P1581BB06
000180 43                      -                           C

|                             收到8583数据包        
|		      报文头:---[Message Head]---
|Head.HeadLength               =[46]
|Head.HeadFlag                 =[1]
|Head.TotalLength              =[0385]
|Head.DestinationId            =[99990001   ]
|Head.SourceId                 =[00010000   ]
|Head.Reserved                 =[000]
|Head.Batchnumber              =[812341285]
|Head.TxnInfo                  =[00000000]
|Head.RejectCode               =[00000]
|		      报文体:---[Message Body]---
MTI                           =[0220]
主帐号02                      =[6223690994835458]
交易处理码03                  =[700000]
交易金额04                    =[000000000000]
交易传输时间07                =[0810185228]
系统跟踪号11                  =[000617]
受卡方所在地时间12            =[185228]
受卡方所在地日期13            =[0810]
商户类型18                    =[8220]
服务点输入方式码22            =[011]
服务点条件码25                =[00]
代理机构标识码32              =[0199999999]
发送机构标识码33              =[99990001]
检索参考号37                  =[000000000617]
受卡机终端标识码41            =[00000001]
受卡方标识码42                =[822011391000923]
受卡方名称地址43              =[思茅师专                                ]
附加数据---私有48             =[IN1C1I8L85KO122H1L0GK0P1]
交易货币代码49                =[156]
自定义域60                    =[000005000100]
接收机构标识码100             =[0199999999]
帐户标识1                     =[230103196901020338]
帐户标识2                     =[230103196901020338]
受理方保留122                 =[1K9AC80N]
发卡方保留123                 =[IN1C1I8L85KO122H1L0GK0P1]
|	   END--------------解包结束--------------END

处理完毕，应答报文：
|通过socket[11]发送数据.
|                             往对方送数据包          
|		BEGIN---------------------------------BEGIN
|		      报文体:---[Message Body]---
MTI                           =[0110]
主帐号02                      =[6223690994835458]
交易处理码03                  =[700000]
交易金额04                    =[000000000000]
交易传输时间07                =[0810185228]
系统跟踪号11                  =[000617]
受卡方所在地时间12            =[185228]
受卡方所在地日期13            =[0810]
商户类型18                    =[8220]
服务点输入方式码22            =[011]
服务点条件码25                =[00]
代理机构标识码32              =[99990001]
发送机构标识码33              =[99990000]
检索参考号37                  =[000000000617]
应答码39                      =[00]
受卡机终端标识码41            =[00000001]
受卡方标识码42                =[822011391000923]
受卡方名称地址43              =[思茅师专                                ]
附加数据---私有48             =[2516ED4731A6F2920B28931CF0858CD9]
交易货币代码49                =[156]
自定义域60                    =[000005000100]
接收机构标识码100             =[0199999999]
帐户标识2                     =[230103196901020338]
|回应报文,获取8583报文头
|		      报文头:---[Message Head]---
|Head.HeadLength               =[46]
|Head.HeadFlag                 =[1]
|Head.TotalLength              =[0327]
|Head.DestinationId            =[00010000   ]
|Head.SourceId                 =[99990001   ]
|Head.Reserved                 =[000]
|Head.Batchnumber              =[812344505]
|Head.TxnInfo                  =[00000000]
|Head.RejectCode               =[00000]
向对方发送数据                  |
=========================Binary buffer content len[331]====================
000000 30 33 32 37 2e 01 30 33 - 32 37 30 30 30 31 30 30   0327..0327000100
000010 30 30 20 20 20 39 39 39 - 39 30 30 30 31 20 20 20   00   99990001   
000020 30 30 30 30 30 30 30 30 - 30 30 30 30 30 30 30 30   0000000000000000
000030 30 30 30 31 31 30 f2 38 - 44 81 8a e1 80 10 00 00   000110.8D.......
000040 00 00 12 00 00 01 31 36 - 36 32 32 33 36 39 30 39   ......1662236909
000050 39 34 38 33 35 34 35 38 - 37 30 30 30 30 30 30 30   9483545870000000
000060 30 30 30 30 30 30 30 30 - 30 30 30 38 31 30 31 38   0000000000081018
000070 35 32 32 38 30 30 30 36 - 31 37 31 38 35 32 32 38   5228000617185228
000080 30 38 31 30 38 32 32 30 - 30 31 31 30 30 30 38 39   0810822001100089
000090 39 39 39 30 30 30 31 30 - 38 39 39 39 39 30 30 30   9990001089999000
0000a0 30 30 30 30 30 30 30 30 - 30 30 36 31 37 30 30 30   0000000000617000
0000b0 30 30 30 30 30 30 31 38 - 32 32 30 31 31 33 39 31   0000001822011391
0000c0 30 30 30 39 32 33 cb bc - c3 a9 ca a6 d7 a8 20 20   000923........  
0000d0 20 20 20 20 20 20 20 20 - 20 20 20 20 20 20 20 20                   
0000e0 20 20 20 20 20 20 20 20 - 20 20 20 20 20 20 30 33                 03
0000f0 32 32 35 31 36 45 44 34 - 37 33 31 41 36 46 32 39   22516ED4731A6F29
000100 32 30 42 32 38 39 33 31 - 43 46 30 38 35 38 43 44   20B28931CF0858CD
000110 39 31 35 36 30 31 32 30 - 30 30 30 30 35 30 30 30   9156012000005000
000120 31 30 30 31 30 30 31 39 - 39 39 39 39 39 39 39 31   1001001999999991
000130 38 32 33 30 31 30 33 31 - 39 36 39 30 31 30 32 30   8230103196901020
000140 33 33 38 32 45 33 46 30 - 39 46 38                  3382E3F09F8

7.校园一卡通授权方式圈存
|接收远程客户:132.147.252.81:60001连接
|开始一个新过程.
|tmpbuf=[0351]
[216]head=                           |
=========================Binary buffer content len[0]====================
110810:190746:682|D2|  COnceServer.cc[217]body=                           |
=========================Binary buffer content len[351]====================
000000 2e 01 30 33 35 31 39 39 - 39 39 30 30 30 31 20 20   ..035199990001  
000010 20 30 30 30 31 30 30 30 - 30 20 20 20 30 30 30 30    00010000   0000
000020 30 30 30 30 30 30 30 30 - 30 30 30 30 30 30 30 32   0000000000000002
000030 30 30 f2 3a 44 81 88 e1 - 90 10 00 00 00 00 16 00   00.:D...........
000040 00 01 31 36 36 32 32 33 - 36 39 30 39 39 34 38 33   ..16622369099483
000050 35 34 35 38 34 30 30 30 - 30 30 30 30 30 30 30 30   5458400000000000
000060 30 30 31 30 30 30 30 38 - 31 30 31 38 35 32 34 30   0010000810185240
000070 30 30 30 36 31 39 31 38 - 35 32 34 30 30 38 31 30   0006191852400810
000080 30 38 31 30 38 32 32 30 - 30 31 31 30 30 31 30 30   0810822001100100
000090 31 39 39 39 39 39 39 39 - 39 30 38 39 39 39 39 30   1999999990899990
0000a0 30 30 31 30 30 30 30 30 - 30 30 30 30 36 31 39 30   0010000000006190
0000b0 30 30 30 30 30 30 31 38 - 32 32 30 31 31 33 39 31   0000001822011391
0000c0 30 30 30 39 32 33 cb bc - c3 a9 ca a6 d7 a8 20 20   000923........  
0000d0 20 20 20 20 20 20 20 20 - 20 20 20 20 20 20 20 20                   
0000e0 20 20 20 20 20 20 20 20 - 20 20 20 20 20 20 30 32                 02
0000f0 34 44 46 31 48 31 4c 38 - 48 38 35 42 4d 31 32 34   4DF1H1L8H85BM124
000100 48 31 43 30 42 43 30 49 - 31 31 35 36 31 47 30 47   H1C0BC0I11561G0G
000110 46 38 30 41 30 31 32 30 - 30 30 30 30 35 30 30 30   F80A012000005000
000120 31 30 30 31 30 30 31 39 - 39 39 39 39 39 39 39 31   1001001999999991
000130 38 32 33 30 31 30 33 31 - 39 36 39 30 31 30 32 30   8230103196901020
000140 33 33 38 31 38 32 33 30 - 31 30 33 31 39 36 39 30   3381823010319690
000150 31 30 32 30 33 33 38 37 - 32 45 43 36 39 42 43      102033872EC69BC
|                             收到8583数据包        
|		      报文头:---[Message Head]---
|Head.HeadLength               =[46]
|Head.HeadFlag                 =[1]
|Head.TotalLength              =[0351]
|Head.DestinationId            =[99990001   ]
|Head.SourceId                 =[00010000   ]
|Head.Reserved                 =[000]
|Head.Batchnumber              =[812341285]
|Head.TxnInfo                  =[00000000]
|Head.RejectCode               =[00000]
|		      报文体:---[Message Body]---
MTI                           =[0200]
主帐号02                      =[6223690994835458]
交易处理码03                  =[400000]
交易金额04                    =[000000001000]
交易传输时间07                =[0810185240]
系统跟踪号11                  =[000619]
受卡方所在地时间12            =[185240]
受卡方所在地日期13            =[0810]
清算日期15                    =[0810]
商户类型18                    =[8220]
服务点输入方式码22            =[011]
服务点条件码25                =[00]
代理机构标识码32              =[0199999999]
发送机构标识码33              =[99990001]
检索参考号37                  =[000000000619]
受卡机终端标识码41            =[00000001]
受卡方标识码42                =[822011391000923]
受卡方名称地址43              =[思茅师专                                ]
附加数据---私有48             =[DF1H1L8H85BM124H1C0BC0I1]
交易货币代码49                =[156]
自定义域60                    =[000005000100]
接收机构标识码100             =[0199999999]
帐户标识1                     =[230103196901020338]
帐户标识2                     =[230103196901020338]
|	   END--------------解包结束--------------END
|成功接收报文

处理完毕，应答报文：
|通过socket[11]发送数据.
|                             往对方送数据包          
|		BEGIN---------------------------------BEGIN
|		      报文体:---[Message Body]---
MTI                           =[0210]
主帐号02                      =[6223690994835458]
交易处理码03                  =[400000]
交易金额04                    =[000000001000]
交易传输时间07                =[0810185240]
系统跟踪号11                  =[000619]
受卡方所在地时间12            =[185240]
受卡方所在地日期13            =[0810]
商户类型18                    =[8220]
服务点输入方式码22            =[011]
服务点条件码25                =[00]
代理机构标识码32              =[99990001]
发送机构标识码33              =[99990000]
检索参考号37                  =[000000000619]
应答码39                      =[00]
受卡机终端标识码41            =[00000001]
受卡方标识码42                =[822011391000923]
受卡方名称地址43              =[思茅师专                                ]
附加数据---私有48             =[737F96172A3BEBB6EBEC83D7552B2760]
交易货币代码49                =[156]
自定义域60                    =[000005000100]
接收机构标识码100             =[0199999999]
帐户标识1                     =[230103196901020338]
帐户标识2                     =[230103196901020338]
|回应报文,获取8583报文头
|		      报文头:---[Message Head]---
|Head.HeadLength               =[46]
|Head.HeadFlag                 =[1]
|Head.TotalLength              =[0347]
|Head.DestinationId            =[00010000   ]
|Head.SourceId                 =[99990001   ]
|Head.Reserved                 =[000]
|Head.Batchnumber              =[812344505]
|Head.TxnInfo                  =[00000000]
|Head.RejectCode               =[00000]
向对方发送数据                  |
=========================Binary buffer content len[351]====================
000000 30 33 34 37 2e 01 30 33 - 34 37 30 30 30 31 30 30   0347..0347000100
000010 30 30 20 20 20 39 39 39 - 39 30 30 30 31 20 20 20   00   99990001   
000020 30 30 30 30 30 30 30 30 - 30 30 30 30 30 30 30 30   0000000000000000
000030 30 30 30 32 31 30 f2 38 - 44 81 8a e1 80 10 00 00   000210.8D.......
000040 00 00 16 00 00 01 31 36 - 36 32 32 33 36 39 30 39   ......1662236909
000050 39 34 38 33 35 34 35 38 - 34 30 30 30 30 30 30 30   9483545840000000
000060 30 30 30 30 30 30 31 30 - 30 30 30 38 31 30 31 38   0000001000081018
000070 35 32 34 30 30 30 30 36 - 31 39 31 38 35 32 34 30   5240000619185240
000080 30 38 31 30 38 32 32 30 - 30 31 31 30 30 30 38 39   0810822001100089
000090 39 39 39 30 30 30 31 30 - 38 39 39 39 39 30 30 30   9990001089999000
0000a0 30 30 30 30 30 30 30 30 - 30 30 36 31 39 30 30 30   0000000000619000
0000b0 30 30 30 30 30 30 31 38 - 32 32 30 31 31 33 39 31   0000001822011391
0000c0 30 30 30 39 32 33 cb bc - c3 a9 ca a6 d7 a8 20 20   000923........  
0000d0 20 20 20 20 20 20 20 20 - 20 20 20 20 20 20 20 20                   
0000e0 20 20 20 20 20 20 20 20 - 20 20 20 20 20 20 30 33                 03
0000f0 32 37 33 37 46 39 36 31 - 37 32 41 33 42 45 42 42   2737F96172A3BEBB
000100 36 45 42 45 43 38 33 44 - 37 35 35 32 42 32 37 36   6EBEC83D7552B276
000110 30 31 35 36 30 31 32 30 - 30 30 30 30 35 30 30 30   0156012000005000
000120 31 30 30 31 30 30 31 39 - 39 39 39 39 39 39 39 31   1001001999999991
000130 38 32 33 30 31 30 33 31 - 39 36 39 30 31 30 32 30   8230103196901020
000140 33 33 38 31 38 32 33 30 - 31 30 33 31 39 36 39 30   3381823010319690
000150 31 30 32 30 33 33 38 37 - 39 32 45 45 38 35 32      1020338792EE852
###################################################################################################
###################################################################################################
8. 校园一卡通对帐                      
=========================Binary buffer content len[0]====================
110810:110821:950|D2|  COnceServer.cc[217]body=                           |
=========================Binary buffer content len[248]====================
000000 2e 01 30 32 34 38 39 39 - 39 39 30 30 30 31 20 20   ..024899990001  
000010 20 30 30 30 31 30 30 30 - 30 20 20 20 30 30 30 30    00010000   0000
000020 30 30 30 30 30 30 30 30 - 30 30 30 30 30 30 30 35   0000000000000005
000030 32 30 82 22 40 01 88 e1 - 40 00 04 00 00 00 10 00   20."@...@.......
000040 00 01 30 38 31 31 30 32 - 35 33 33 37 30 30 30 30   ..08110253370000
000050 35 33 30 38 31 30 38 32 - 32 30 31 30 30 31 39 39   5308108220100199
000060 39 39 39 39 39 39 30 38 - 39 39 39 39 30 30 30 31   9999990899990001
000070 30 30 30 30 30 30 30 30 - 30 30 35 33 30 30 30 30   0000000000530000
000080 30 30 30 30 38 32 32 30 - 31 31 33 39 31 30 30 30   0000822011391000
000090 39 32 33 cb bc c3 a9 ca - a6 d7 a8 20 20 20 20 20   923........     
0000a0 20 20 20 20 20 20 20 20 - 20 20 20 20 20 20 20 20                   
0000b0 20 20 20 20 20 20 20 20 - 20 20 20 30 33 32 38 45              0328E
0000c0 32 32 38 34 46 41 39 33 - 32 43 38 38 32 34 41 31   2284FA932C8824A1
0000d0 39 41 39 44 34 31 35 37 - 39 43 38 43 34 39 31 35   9A9D41579C8C4915
0000e0 36 32 37 32 31 30 30 31 - 39 39 39 39 39 39 39 39   6272100199999999
0000f0 38 38 39 38 41 39 35 38 -                           8898A958
|                             收到8583数据包        
|		      报文头:---[Message Head]---
|Head.HeadLength               =[46]
|Head.HeadFlag                 =[1]
|Head.TotalLength              =[0248]
|Head.DestinationId            =[99990001   ]
|Head.SourceId                 =[00010000   ]
|Head.Reserved                 =[000]
|Head.Batchnumber              =[812341285]
|Head.TxnInfo                  =[00000000]
|Head.RejectCode               =[00000]
|		      报文体:---[Message Body]---
MTI                           =[0520]
交易传输时间07                =[0811025337]
系统跟踪号11                  =[000053]
清算日期15                    =[0810]
商户类型18                    =[8220]
代理机构标识码32              =[0199999999]
发送机构标识码33              =[99990001]
检索参考号37                  =[000000000053]
受卡机终端标识码41            =[00000000]
受卡方标识码42                =[822011391000923]
受卡方名称地址43              =[思茅师专                                ]
附加数据---私有48             =[8E2284FA932C8824A19A9D41579C8C49]
清算货币代码50                =[156]
网络管理信息码70              =[272]
接收机构标识码100             =[0199999999]
|	   END--------------解包结束--------------END


处理完毕，应答报文：
|通过socket[11]发送数据.
|                             往对方送数据包          
|		BEGIN---------------------------------BEGIN
|		      报文体:---[Message Body]---
MTI                           =[0530]
                              =[000000017000]
交易传输时间07                =[0811025337]
系统跟踪号11                  =[000053]
清算日期15                    =[0810]
商户类型18                    =[8220]
代理机构标识码32              =[99990001]
发送机构标识码33              =[99990000]
检索参考号37                  =[000000000053]
应答码39                      =[00]
受卡机终端标识码41            =[00000000]
受卡方标识码42                =[822011391000923]
受卡方名称地址43              =[思茅师专                                ]
附加数据---私有48             =[7368AD9DED735439068076092093BD76]
清算货币代码50                =[156]
附加交易信息57                =[BANK0420110810.txt]
转帐笔数78                    =[0000000013]
接收机构标识码100             =[0199999999]
回应报文,获取8583报文头
|		      报文头:---[Message Head]---
|Head.HeadLength               =[46]
|Head.HeadFlag                 =[1]
|Head.TotalLength              =[0288]
|Head.DestinationId            =[00010000   ]
|Head.SourceId                 =[99990001   ]
|Head.Reserved                 =[000]
|Head.Batchnumber              =[812344505]
|Head.TxnInfo                  =[00000000]
|Head.RejectCode               =[00000]
向对方发送数据                  |
=========================Binary buffer content len[292]====================
000000 30 32 38 38 2e 01 30 32 - 38 38 30 30 30 31 30 30   0288..0288000100
000010 30 30 20 20 20 39 39 39 - 39 30 30 30 31 20 20 20   00   99990001   
000020 30 30 30 30 30 30 30 30 - 30 30 30 30 30 30 30 30   0000000000000000
000030 30 30 30 35 33 30 8a 22 - 40 01 8a e1 40 80 00 04   000530."@...@...
000040 00 00 10 00 00 01 30 30 - 30 30 30 30 30 31 37 30   ......0000000170
000050 30 30 30 38 31 31 30 32 - 35 33 33 37 30 30 30 30   0008110253370000
000060 35 33 30 38 31 30 38 32 - 32 30 30 38 39 39 39 39   5308108220089999
000070 30 30 30 31 30 38 39 39 - 39 39 30 30 30 30 30 30   0001089999000000
000080 30 30 30 30 30 30 30 30 - 35 33 30 30 30 30 30 30   0000000053000000
000090 30 30 30 30 38 32 32 30 - 31 31 33 39 31 30 30 30   0000822011391000
0000a0 39 32 33 cb bc c3 a9 ca - a6 d7 a8 20 20 20 20 20   923........     
0000b0 20 20 20 20 20 20 20 20 - 20 20 20 20 20 20 20 20                   
0000c0 20 20 20 20 20 20 20 20 - 20 20 20 30 33 32 37 33              03273
0000d0 36 38 41 44 39 44 45 44 - 37 33 35 34 33 39 30 36   68AD9DED73543906
0000e0 38 30 37 36 30 39 32 30 - 39 33 42 44 37 36 31 35   8076092093BD7615
0000f0 36 30 31 38 42 41 4e 4b - 30 34 32 30 31 31 30 38   6018BANK04201108
000100 31 30 2e 74 78 74 30 30 - 30 30 30 30 30 30 31 33   10.txt0000000013
000110 31 30 30 31 39 39 39 39 - 39 39 39 39 38 31 46 44   10019999999981FD
000120 31 36 32 32             -                           1622
###################################################################################################
###################################################################################################
