3.校园一卡通授权信息初始化（授权信息初次初始化时，如果上送信息无误将成功；
撤销后再次初始化时，如果上送信息无误将成功；
撤销后再次初始化时，如果上送信息中学生补卡，交易将成功，银行方在学生补卡后，
当前银行卡与原银行卡保持关联，但是不允许用其他卡或者新办的卡来进行授权信息的再次初始化。）
=========================Binary buffer content len[0]====================
110810:190710:352|D2|  COnceServer.cc[217]body=                           |
=========================Binary buffer content len[351]====================
000000 2e 01 30 33 35 31 39 39 - 39 39 30 30 30 31 20 20   ..035199990001  
000010 20 30 30 30 31 30 30 30 - 30 20 20 20 30 30 30 30    00010000   0000
000020 30 30 30 30 30 30 30 30 - 30 30 30 30 30 30 30 31   0000000000000001
000030 30 30 f2 3a 44 81 88 e1 - 90 10 00 00 00 00 16 00   00.:D...........
000040 00 01 31 36 36 32 32 33 - 36 39 30 39 39 34 38 33   ..16622369099483
000050 35 34 35 38 32 30 30 30 - 30 30 30 30 30 30 30 30   5458200000000000
000060 30 30 30 30 30 30 30 38 - 31 30 31 38 35 32 30 33   0000000810185203
000070 30 30 30 36 31 35 31 38 - 35 32 30 33 30 38 31 30   0006151852030810
000080 30 38 31 30 38 32 32 30 - 30 31 31 30 30 31 30 30   0810822001100100
000090 31 39 39 39 39 39 39 39 - 39 30 38 39 39 39 39 30   1999999990899990
0000a0 30 30 31 30 30 30 30 30 - 30 30 30 30 36 31 35 30   0010000000006150
0000b0 30 30 30 30 30 30 31 38 - 32 32 30 31 31 33 39 31   0000001822011391
0000c0 30 30 30 39 32 33 cb bc - c3 a9 ca a6 d7 a8 20 20   000923........  
0000d0 20 20 20 20 20 20 20 20 - 20 20 20 20 20 20 20 20                   
0000e0 20 20 20 20 20 20 20 20 - 20 20 20 20 20 20 30 32                 02
0000f0 34 48 45 31 4e 31 43 38 - 46 38 35 4e 44 31 32 30   4HE1N1C8F85ND120
000100 49 31 42 30 41 4d 30 4b - 31 31 35 36 31 4e 33 41   I1B0AM0K11561N3A
000110 45 38 30 4c 30 31 32 30 - 30 30 30 30 35 30 30 30   E80L012000005000
000120 31 30 30 31 30 30 31 39 - 39 39 39 39 39 39 39 31   1001001999999991
000130 38 32 33 30 31 30 33 31 - 39 36 39 30 31 30 32 30   8230103196901020
000140 33 33 38 31 38 32 33 30 - 31 30 33 31 39 36 39 30   3381823010319690
000150 31 30 32 30 33 33 38 37 - 33 35 38 35 37 38 33      102033873585783

|                             收到8583数据包        
|		      报文头:---[Message Head]---
|Head.HeadLength               =[46]
|Head.HeadFlag                 =[1]
|Head.TotalLength              =[0351]
|Head.DestinationId            =[99990001   ]
|Head.SourceId                 =[00010000   ]
|Head.Reserved                 =[000]
|Head.Batchnumber              =[812341285]
|Head.TxnInfo                  =[00000000]
|Head.RejectCode               =[00000]
|		      报文体:---[Message Body]---
MTI                           =[0100]
主帐号02                      =[6223690994835458]
交易处理码03                  =[200000]
交易金额04                    =[000000000000]
交易传输时间07                =[0810185203]
系统跟踪号11                  =[000615]
受卡方所在地时间12            =[185203]
受卡方所在地日期13            =[0810]
清算日期15                    =[0810]
商户类型18                    =[8220]
服务点输入方式码22            =[011]
服务点条件码25                =[00]
代理机构标识码32              =[0199999999]
发送机构标识码33              =[99990001]
检索参考号37                  =[000000000615]
受卡机终端标识码41            =[00000001]
受卡方标识码42                =[822011391000923]
受卡方名称地址43              =[思茅师专                                ]
附加数据---私有48             =[HE1N1C8F85ND120I1B0AM0K1]
交易货币代码49                =[156]
自定义域60                    =[000005000100]
接收机构标识码100             =[0199999999]
帐户标识1                     =[230103196901020338]
帐户标识2                     =[230103196901020338]
|	   END--------------解包结束--------------END

处理完成，应答报文：
|                             往对方送数据包          
|		BEGIN---------------------------------BEGIN
|		      报文体:---[Message Body]---
MTI                           =[0110]
主帐号02                      =[6223690994835458]
交易处理码03                  =[200000]
交易金额04                    =[000000000000]
交易传输时间07                =[0810185203]
系统跟踪号11                  =[000615]
受卡方所在地时间12            =[185203]
受卡方所在地日期13            =[0810]
商户类型18                    =[8220]
服务点输入方式码22            =[011]
服务点条件码25                =[00]
代理机构标识码32              =[99990001]
发送机构标识码33              =[99990000]
检索参考号37                  =[000000000615]
应答码39                      =[00]
受卡机终端标识码41            =[00000001]
受卡方标识码42                =[822011391000923]
受卡方名称地址43              =[思茅师专                                ]
附加数据---私有48             =[04E860F51E143B4805F194771C9ECBD4]
交易货币代码49                =[156]
自定义域60                    =[000005000100]
接收机构标识码100             =[0199999999]
帐户标识1                     =[230103196901020338]
帐户标识2                     =[230103196901020338]

		      报文头:---[Message Head]---
Head.HeadLength               =[46]
Head.HeadFlag                 =[1]
Head.TotalLength              =[0347]
Head.DestinationId            =[00010000   ]
Head.SourceId                 =[99990001   ]
Head.Reserved                 =[000]
Head.Batchnumber              =[812344505]
Head.TxnInfo                  =[00000000]
Head.RejectCode               =[00000]
[410]向对方发送数据                  |
=========================Binary buffer content len[351]====================
000000 30 33 34 37 2e 01 30 33 - 34 37 30 30 30 31 30 30   0347..0347000100
000010 30 30 20 20 20 39 39 39 - 39 30 30 30 31 20 20 20   00   99990001   
000020 30 30 30 30 30 30 30 30 - 30 30 30 30 30 30 30 30   0000000000000000
000030 30 30 30 31 31 30 f2 38 - 44 81 8a e1 80 10 00 00   000110.8D.......
000040 00 00 16 00 00 01 31 36 - 36 32 32 33 36 39 30 39   ......1662236909
000050 39 34 38 33 35 34 35 38 - 32 30 30 30 30 30 30 30   9483545820000000
000060 30 30 30 30 30 30 30 30 - 30 30 30 38 31 30 31 38   0000000000081018
000070 35 32 30 33 30 30 30 36 - 31 35 31 38 35 32 30 33   5203000615185203
000080 30 38 31 30 38 32 32 30 - 30 31 31 30 30 30 38 39   0810822001100089
000090 39 39 39 30 30 30 31 30 - 38 39 39 39 39 30 30 30   9990001089999000
0000a0 30 30 30 30 30 30 30 30 - 30 30 36 31 35 30 30 30   0000000000615000
0000b0 30 30 30 30 30 30 31 38 - 32 32 30 31 31 33 39 31   0000001822011391
0000c0 30 30 30 39 32 33 cb bc - c3 a9 ca a6 d7 a8 20 20   000923........  
0000d0 20 20 20 20 20 20 20 20 - 20 20 20 20 20 20 20 20                   
0000e0 20 20 20 20 20 20 20 20 - 20 20 20 20 20 20 30 33                 03
0000f0 32 30 34 45 38 36 30 46 - 35 31 45 31 34 33 42 34   204E860F51E143B4
000100 38 30 35 46 31 39 34 37 - 37 31 43 39 45 43 42 44   805F194771C9ECBD
000110 34 31 35 36 30 31 32 30 - 30 30 30 30 35 30 30 30   4156012000005000
000120 31 30 30 31 30 30 31 39 - 39 39 39 39 39 39 39 31   1001001999999991
000130 38 32 33 30 31 30 33 31 - 39 36 39 30 31 30 32 30   8230103196901020
000140 33 33 38 31 38 32 33 30 - 31 30 33 31 39 36 39 30   3381823010319690
000150 31 30 32 30 33 33 38 30 - 36 31 33 30 39 31 43      10203380613091C
###################################################################################################
###################################################################################################