4.校园一卡通授权信息初始化（初始化授权信息失败时，返回06，重复初始化同样返回06）
=========================Binary buffer content len[0]====================
110810:190119:680|D2|  COnceServer.cc[217]body=                           |
=========================Binary buffer content len[351]====================
000000 2e 01 30 33 35 31 39 39 - 39 39 30 30 30 31 20 20   ..035199990001  
000010 20 30 30 30 31 30 30 30 - 30 20 20 20 30 30 30 30    00010000   0000
000020 30 30 30 30 30 30 30 30 - 30 30 30 30 30 30 30 31   0000000000000001
000030 30 30 f2 3a 44 81 88 e1 - 90 10 00 00 00 00 16 00   00.:D...........
000040 00 01 31 36 36 32 32 33 - 36 39 30 39 39 34 38 33   ..16622369099483
000050 35 34 35 38 32 30 30 30 - 30 30 30 30 30 30 30 30   5458200000000000
000060 30 30 30 30 30 30 30 38 - 31 30 31 38 34 36 31 33   0000000810184613
000070 30 30 30 36 31 34 31 38 - 34 36 31 33 30 38 31 30   0006141846130810
000080 30 38 31 30 38 32 32 30 - 30 31 31 30 30 31 30 30   0810822001100100
000090 31 39 39 39 39 39 39 39 - 39 30 38 39 39 39 39 30   1999999990899990
0000a0 30 30 31 30 30 30 30 30 - 30 30 30 30 36 31 34 30   0010000000006140
0000b0 30 30 30 30 30 30 31 38 - 32 32 30 31 31 33 39 31   0000001822011391
0000c0 30 30 30 39 32 33 cb bc - c3 a9 ca a6 d7 a8 20 20   000923........  
0000d0 20 20 20 20 20 20 20 20 - 20 20 20 20 20 20 20 20                   
0000e0 20 20 20 20 20 20 20 20 - 20 20 20 20 20 20 30 32                 02
0000f0 34 41 50 31 4f 31 43 38 - 43 38 34 49 43 31 36 31   4AP1O1C8C84IC161
000100 47 31 44 30 43 49 30 4c - 31 31 35 36 31 45 33 46   G1D0CI0L11561E3F
000110 4c 38 30 48 30 31 32 30 - 30 30 30 30 35 30 30 30   L80H012000005000
000120 31 30 30 31 30 30 31 39 - 39 39 39 39 39 39 39 31   1001001999999991
000130 38 32 33 30 31 30 33 31 - 39 36 39 30 31 30 32 30   8230103196901020
000140 33 33 38 31 38 32 33 30 - 31 30 33 31 39 36 39 30   3381823010319690
000150 31 30 32 30 33 33 38 42 - 31 30 32 32 38 34 35      1020338B1022845
|                             收到8583数据包        
|		      报文头:---[Message Head]---
|Head.HeadLength               =[46]
|Head.HeadFlag                 =[1]
|Head.TotalLength              =[0351]
|Head.DestinationId            =[99990001   ]
|Head.SourceId                 =[00010000   ]
|Head.Reserved                 =[000]
|Head.Batchnumber              =[811186213]
|Head.TxnInfo                  =[00000000]
|Head.RejectCode               =[00000]
|		      报文体:---[Message Body]---
MTI                           =[0100]
主帐号02                      =[6223690994835458]
交易处理码03                  =[200000]
交易金额04                    =[000000000000]
交易传输时间07                =[0810184613]
系统跟踪号11                  =[000614]
受卡方所在地时间12            =[184613]
受卡方所在地日期13            =[0810]
清算日期15                    =[0810]
商户类型18                    =[8220]
服务点输入方式码22            =[011]
服务点条件码25                =[00]
代理机构标识码32              =[0199999999]
发送机构标识码33              =[99990001]
检索参考号37                  =[000000000614]
受卡机终端标识码41            =[00000001]
受卡方标识码42                =[822011391000923]
受卡方名称地址43              =[思茅师专                                ]
附加数据---私有48             =[AP1O1C8C84IC161G1D0CI0L1]
交易货币代码49                =[156]
自定义域60                    =[000005000100]
接收机构标识码100             =[0199999999]
帐户标识1                     =[230103196901020338]
帐户标识2                     =[230103196901020338]
|	   END--------------解包结束--------------END


处理完成，应答报文：
|                             往对方送数据包          
|		BEGIN---------------------------------BEGIN
|		      报文体:---[Message Body]---
MTI                           =[0110]
主帐号02                      =[6223690994835458]
交易处理码03                  =[200000]
交易金额04                    =[000000000000]
交易传输时间07                =[0810184613]
系统跟踪号11                  =[000614]
受卡方所在地时间12            =[184613]
受卡方所在地日期13            =[0810]
商户类型18                    =[8220]
服务点输入方式码22            =[011]
服务点条件码25                =[00]
代理机构标识码32              =[99990001]
发送机构标识码33              =[99990000]
检索参考号37                  =[000000000614]
应答码39                      =[06]
受卡机终端标识码41            =[00000001]
受卡方标识码42                =[822011391000923]
受卡方名称地址43              =[思茅师专                                ]
附加数据---私有48             =[2F1356703221BAD9EDE34B21667C0024]
交易货币代码49                =[156]
自定义域60                    =[000005000100]
接收机构标识码100             =[0199999999]
帐户标识1                     =[230103196901020338]
帐户标识2                     =[230103196901020338]
|回应报文,获取8583报文头
|		      报文头:---[Message Head]---
|Head.HeadLength               =[46]
|Head.HeadFlag                 =[1]
|Head.TotalLength              =[0347]
|Head.DestinationId            =[00010000   ]
|Head.SourceId                 =[99990001   ]
|Head.Reserved                 =[000]
|Head.Batchnumber              =[811189433]
|Head.TxnInfo                  =[00000000]
|Head.RejectCode               =[00000]
向对方发送数据                  |
=========================Binary buffer content len[351]====================
000000 30 33 34 37 2e 01 30 33 - 34 37 30 30 30 31 30 30   0347..0347000100
000010 30 30 20 20 20 39 39 39 - 39 30 30 30 31 20 20 20   00   99990001   
000020 30 30 30 30 30 30 30 30 - 30 30 30 30 30 30 30 30   0000000000000000
000030 30 30 30 31 31 30 f2 38 - 44 81 8a e1 80 10 00 00   000110.8D.......
000040 00 00 16 00 00 01 31 36 - 36 32 32 33 36 39 30 39   ......1662236909
000050 39 34 38 33 35 34 35 38 - 32 30 30 30 30 30 30 30   9483545820000000
000060 30 30 30 30 30 30 30 30 - 30 30 30 38 31 30 31 38   0000000000081018
000070 34 36 31 33 30 30 30 36 - 31 34 31 38 34 36 31 33   4613000614184613
000080 30 38 31 30 38 32 32 30 - 30 31 31 30 30 30 38 39   0810822001100089
000090 39 39 39 30 30 30 31 30 - 38 39 39 39 39 30 30 30   9990001089999000
0000a0 30 30 30 30 30 30 30 30 - 30 30 36 31 34 30 36 30   0000000000614060
0000b0 30 30 30 30 30 30 31 38 - 32 32 30 31 31 33 39 31   0000001822011391
0000c0 30 30 30 39 32 33 cb bc - c3 a9 ca a6 d7 a8 20 20   000923........  
0000d0 20 20 20 20 20 20 20 20 - 20 20 20 20 20 20 20 20                   
0000e0 20 20 20 20 20 20 20 20 - 20 20 20 20 20 20 30 33                 03
0000f0 32 32 46 31 33 35 36 37 - 30 33 32 32 31 42 41 44   22F1356703221BAD
000100 39 45 44 45 33 34 42 32 - 31 36 36 37 43 30 30 32   9EDE34B21667C002
000110 34 31 35 36 30 31 32 30 - 30 30 30 30 35 30 30 30   4156012000005000
000120 31 30 30 31 30 30 31 39 - 39 39 39 39 39 39 39 31   1001001999999991
000130 38 32 33 30 31 30 33 31 - 39 36 39 30 31 30 32 30   8230103196901020
000140 33 33 38 31 38 32 33 30 - 31 30 33 31 39 36 39 30   3381823010319690
000150 31 30 32 30 33 33 38 32 - 35 33 42 45 34 36 30      1020338253BE460
###################################################################################################
###################################################################################################