5.校园一卡通余额查询（需要验证授权密码）
=========================Binary buffer content len[0]====================
110810:190722:069|D2|  COnceServer.cc[217]body=                           |
=========================Binary buffer content len[335]====================
000000 2e 01 30 33 33 35 39 39 - 39 39 30 30 30 31 20 20   ..033599990001  
000010 20 30 30 30 31 30 30 30 - 30 20 20 20 30 30 30 30    00010000   0000
000020 30 30 30 30 30 30 30 30 - 30 30 30 30 30 30 30 32   0000000000000002
000030 30 30 e2 38 44 81 88 e1 - 90 10 00 00 00 00 16 00   00.8D...........
000040 00 01 31 36 36 32 32 33 - 36 39 30 39 39 34 38 33   ..16622369099483
000050 35 34 35 38 33 30 30 30 - 30 30 30 38 31 30 31 38   5458300000081018
000060 35 32 31 35 30 30 30 36 - 31 36 31 38 35 32 31 35   5215000616185215
000070 30 38 31 30 38 32 32 30 - 30 31 31 30 30 31 30 30   0810822001100100
000080 31 39 39 39 39 39 39 39 - 39 30 38 39 39 39 39 30   1999999990899990
000090 30 30 31 30 30 30 30 30 - 30 30 30 30 36 31 36 30   0010000000006160
0000a0 30 30 30 30 30 30 31 38 - 32 32 30 31 31 33 39 31   0000001822011391
0000b0 30 30 30 39 32 33 cb bc - c3 a9 ca a6 d7 a8 20 20   000923........  
0000c0 20 20 20 20 20 20 20 20 - 20 20 20 20 20 20 20 20                   
0000d0 20 20 20 20 20 20 20 20 - 20 20 20 20 20 20 30 32                 02
0000e0 34 46 4d 31 41 31 46 38 - 42 38 35 43 42 31 32 31   4FM1A1F8B85CB121
0000f0 4f 31 49 30 45 4c 30 4b - 31 31 35 36 31 43 35 4c   O1I0EL0K11561C5L
000100 4c 38 30 4a 30 31 32 30 - 30 30 30 30 35 30 30 30   L80J012000005000
000110 31 30 30 31 30 30 31 39 - 39 39 39 39 39 39 39 31   1001001999999991
000120 38 32 33 30 31 30 33 31 - 39 36 39 30 31 30 32 30   8230103196901020
000130 33 33 38 31 38 32 33 30 - 31 30 33 31 39 36 39 30   3381823010319690
000140 31 30 32 30 33 33 38 38 - 31 42 36 42 31 31 38      102033881B6B118
|                             收到8583数据包        
|		      报文头:---[Message Head]---
|Head.HeadLength               =[46]
|Head.HeadFlag                 =[1]
|Head.TotalLength              =[0335]
|Head.DestinationId            =[99990001   ]
|Head.SourceId                 =[00010000   ]
|Head.Reserved                 =[000]
|Head.Batchnumber              =[813406245]
|Head.TxnInfo                  =[00000000]
|Head.RejectCode               =[00000]
|		      报文体:---[Message Body]---
MTI                           =[0200]
主帐号02                      =[6223690994835458]
交易处理码03                  =[300000]
交易传输时间07                =[0810185215]
系统跟踪号11                  =[000616]
受卡方所在地时间12            =[185215]
受卡方所在地日期13            =[0810]
商户类型18                    =[8220]
服务点输入方式码22            =[011]
服务点条件码25                =[00]
代理机构标识码32              =[0199999999]
发送机构标识码33              =[99990001]
检索参考号37                  =[000000000616]
受卡机终端标识码41            =[00000001]
受卡方标识码42                =[822011391000923]
受卡方名称地址43              =[思茅师专                                ]
附加数据---私有48             =[FM1A1F8B85CB121O1I0EL0K1]
交易货币代码49                =[156]
自定义域60                    =[000005000100]
接收机构标识码100             =[0199999999]
帐户标识1                     =[230103196901020338]
帐户标识2                     =[230103196901020338]
|	   END--------------解包结束--------------END

处理完成，应答报文：
|                             往对方送数据包          
|		BEGIN---------------------------------BEGIN
|		      报文体:---[Message Body]---
MTI                           =[0210]
主帐号02                      =[6223690994835458]
交易处理码03                  =[300000]
交易传输时间07                =[0810185215]
系统跟踪号11                  =[000616]
受卡方所在地时间12            =[185215]
受卡方所在地日期13            =[0810]
商户类型18                    =[8220]
服务点输入方式码22            =[011]
服务点条件码25                =[00]
代理机构标识码32              =[0199999999]
发送机构标识码33              =[99990001]
检索参考号37                  =[000000000616]
应答码39                      =[00]
受卡机终端标识码41            =[00000001]
受卡方标识码42                =[822011391000923]
受卡方名称地址43              =[思茅师专                                ]
附加数据---私有48             =[EC884672809E9387B5119AA6592DA911]
交易货币代码49                =[156]
实际余额54                    =[0401001156C0000100113701002156C000010011370]
自定义域60                    =[000005000100]
接收机构标识码100             =[0199999999]
帐户标识1                     =[230103196901020338]
帐户标识2                     =[230103196901020338]
回应报文,获取8583报文头
|		      报文头:---[Message Head]---
|Head.HeadLength               =[46]
|Head.HeadFlag                 =[1]
|Head.TotalLength              =[0380]
|Head.DestinationId            =[00010000   ]
|Head.SourceId                 =[99990001   ]
|Head.Reserved                 =[000]
|Head.Batchnumber              =[813409465]
|Head.TxnInfo                  =[00000000]
|Head.RejectCode               =[00000]
[410]向对方发送数据                  |
=========================Binary buffer content len[384]====================
000000 30 33 38 30 2e 01 30 33 - 38 30 30 30 30 31 30 30   0380..0380000100
000010 30 30 20 20 20 39 39 39 - 39 30 30 30 31 20 20 20   00   99990001   
000020 30 30 30 30 30 30 30 30 - 30 30 30 30 30 30 30 30   0000000000000000
000030 30 30 30 32 31 30 e2 38 - 44 81 8a e1 84 10 00 00   000210.8D.......
000040 00 00 16 00 00 01 31 36 - 36 32 32 33 36 39 30 39   ......1662236909
000050 39 34 38 33 35 34 35 38 - 33 30 30 30 30 30 30 38   9483545830000008
000060 31 30 31 38 35 32 31 35 - 30 30 30 36 31 36 31 38   1018521500061618
000070 35 32 31 35 30 38 31 30 - 38 32 32 30 30 31 31 30   5215081082200110
000080 30 31 30 30 31 39 39 39 - 39 39 39 39 39 30 38 39   0100199999999089
000090 39 39 39 30 30 30 31 30 - 30 30 30 30 30 30 30 30   9990001000000000
0000a0 36 31 36 30 30 30 30 30 - 30 30 30 30 31 38 32 32   6160000000001822
0000b0 30 31 31 33 39 31 30 30 - 30 39 32 33 cb bc c3 a9   011391000923....
0000c0 ca a6 d7 a8 20 20 20 20 - 20 20 20 20 20 20 20 20   ....            
0000d0 20 20 20 20 20 20 20 20 - 20 20 20 20 20 20 20 20                   
0000e0 20 20 20 20 30 33 32 45 - 43 38 38 34 36 37 32 38       032EC8846728
0000f0 30 39 45 39 33 38 37 42 - 35 31 31 39 41 41 36 35   09E9387B5119AA65
000100 39 32 44 41 39 31 31 31 - 35 36 30 34 30 31 30 30   92DA911156040100
000110 31 31 35 36 43 30 30 30 - 30 31 30 30 31 31 33 37   1156C00001001137
000120 30 31 30 30 32 31 35 36 - 43 30 30 30 30 31 30 30   01002156C0000100
000130 31 31 33 37 30 30 31 32 - 30 30 30 30 30 35 30 30   1137001200000500
000140 30 31 30 30 31 30 30 31 - 39 39 39 39 39 39 39 39   0100100199999999
000150 31 38 32 33 30 31 30 33 - 31 39 36 39 30 31 30 32   1823010319690102
000160 30 33 33 38 31 38 32 33 - 30 31 30 33 31 39 36 39   0338182301031969
000170 30 31 30 32 30 33 33 38 - 45 34 38 39 42 39 35 41   01020338E489B95A
###################################################################################################
###################################################################################################