8. 校园一卡通对帐                      
=========================Binary buffer content len[0]====================
110810:110821:950|D2|  COnceServer.cc[217]body=                           |
=========================Binary buffer content len[248]====================
000000 2e 01 30 32 34 38 39 39 - 39 39 30 30 30 31 20 20   ..024899990001  
000010 20 30 30 30 31 30 30 30 - 30 20 20 20 30 30 30 30    00010000   0000
000020 30 30 30 30 30 30 30 30 - 30 30 30 30 30 30 30 35   0000000000000005
000030 32 30 82 22 40 01 88 e1 - 40 00 04 00 00 00 10 00   20."@...@.......
000040 00 01 30 38 31 31 30 32 - 35 33 33 37 30 30 30 30   ..08110253370000
000050 35 33 30 38 31 30 38 32 - 32 30 31 30 30 31 39 39   5308108220100199
000060 39 39 39 39 39 39 30 38 - 39 39 39 39 30 30 30 31   9999990899990001
000070 30 30 30 30 30 30 30 30 - 30 30 35 33 30 30 30 30   0000000000530000
000080 30 30 30 30 38 32 32 30 - 31 31 33 39 31 30 30 30   0000822011391000
000090 39 32 33 cb bc c3 a9 ca - a6 d7 a8 20 20 20 20 20   923........     
0000a0 20 20 20 20 20 20 20 20 - 20 20 20 20 20 20 20 20                   
0000b0 20 20 20 20 20 20 20 20 - 20 20 20 30 33 32 38 45              0328E
0000c0 32 32 38 34 46 41 39 33 - 32 43 38 38 32 34 41 31   2284FA932C8824A1
0000d0 39 41 39 44 34 31 35 37 - 39 43 38 43 34 39 31 35   9A9D41579C8C4915
0000e0 36 32 37 32 31 30 30 31 - 39 39 39 39 39 39 39 39   6272100199999999
0000f0 38 38 39 38 41 39 35 38 -                           8898A958
|                             收到8583数据包        
|		      报文头:---[Message Head]---
|Head.HeadLength               =[46]
|Head.HeadFlag                 =[1]
|Head.TotalLength              =[0248]
|Head.DestinationId            =[99990001   ]
|Head.SourceId                 =[00010000   ]
|Head.Reserved                 =[000]
|Head.Batchnumber              =[812341285]
|Head.TxnInfo                  =[00000000]
|Head.RejectCode               =[00000]
|		      报文体:---[Message Body]---
MTI                           =[0520]
交易传输时间07                =[0811025337]
系统跟踪号11                  =[000053]
清算日期15                    =[0810]
商户类型18                    =[8220]
代理机构标识码32              =[0199999999]
发送机构标识码33              =[99990001]
检索参考号37                  =[000000000053]
受卡机终端标识码41            =[00000000]
受卡方标识码42                =[822011391000923]
受卡方名称地址43              =[思茅师专                                ]
附加数据---私有48             =[8E2284FA932C8824A19A9D41579C8C49]
清算货币代码50                =[156]
网络管理信息码70              =[272]
接收机构标识码100             =[0199999999]
|	   END--------------解包结束--------------END


处理完毕，应答报文：
|通过socket[11]发送数据.
|                             往对方送数据包          
|		BEGIN---------------------------------BEGIN
|		      报文体:---[Message Body]---
MTI                           =[0530]
                              =[000000017000]
交易传输时间07                =[0811025337]
系统跟踪号11                  =[000053]
清算日期15                    =[0810]
商户类型18                    =[8220]
代理机构标识码32              =[99990001]
发送机构标识码33              =[99990000]
检索参考号37                  =[000000000053]
应答码39                      =[00]
受卡机终端标识码41            =[00000000]
受卡方标识码42                =[822011391000923]
受卡方名称地址43              =[思茅师专                                ]
附加数据---私有48             =[7368AD9DED735439068076092093BD76]
清算货币代码50                =[156]
附加交易信息57                =[BANK0420110810.txt]
转帐笔数78                    =[0000000013]
接收机构标识码100             =[0199999999]
回应报文,获取8583报文头
|		      报文头:---[Message Head]---
|Head.HeadLength               =[46]
|Head.HeadFlag                 =[1]
|Head.TotalLength              =[0288]
|Head.DestinationId            =[00010000   ]
|Head.SourceId                 =[99990001   ]
|Head.Reserved                 =[000]
|Head.Batchnumber              =[812344505]
|Head.TxnInfo                  =[00000000]
|Head.RejectCode               =[00000]
向对方发送数据                  |
=========================Binary buffer content len[292]====================
000000 30 32 38 38 2e 01 30 32 - 38 38 30 30 30 31 30 30   0288..0288000100
000010 30 30 20 20 20 39 39 39 - 39 30 30 30 31 20 20 20   00   99990001   
000020 30 30 30 30 30 30 30 30 - 30 30 30 30 30 30 30 30   0000000000000000
000030 30 30 30 35 33 30 8a 22 - 40 01 8a e1 40 80 00 04   000530."@...@...
000040 00 00 10 00 00 01 30 30 - 30 30 30 30 30 31 37 30   ......0000000170
000050 30 30 30 38 31 31 30 32 - 35 33 33 37 30 30 30 30   0008110253370000
000060 35 33 30 38 31 30 38 32 - 32 30 30 38 39 39 39 39   5308108220089999
000070 30 30 30 31 30 38 39 39 - 39 39 30 30 30 30 30 30   0001089999000000
000080 30 30 30 30 30 30 30 30 - 35 33 30 30 30 30 30 30   0000000053000000
000090 30 30 30 30 38 32 32 30 - 31 31 33 39 31 30 30 30   0000822011391000
0000a0 39 32 33 cb bc c3 a9 ca - a6 d7 a8 20 20 20 20 20   923........     
0000b0 20 20 20 20 20 20 20 20 - 20 20 20 20 20 20 20 20                   
0000c0 20 20 20 20 20 20 20 20 - 20 20 20 30 33 32 37 33              03273
0000d0 36 38 41 44 39 44 45 44 - 37 33 35 34 33 39 30 36   68AD9DED73543906
0000e0 38 30 37 36 30 39 32 30 - 39 33 42 44 37 36 31 35   8076092093BD7615
0000f0 36 30 31 38 42 41 4e 4b - 30 34 32 30 31 31 30 38   6018BANK04201108
000100 31 30 2e 74 78 74 30 30 - 30 30 30 30 30 30 31 33   10.txt0000000013
000110 31 30 30 31 39 39 39 39 - 39 39 39 39 38 31 46 44   10019999999981FD
000120 31 36 32 32             -                           1622
###################################################################################################
###################################################################################################
